OBJECTID	src_FID	nbr_FID	LENGTH	NODE_COUNT
1	0	1	100	0
2	0	30	100	0
4	1	0	100	0
5	1	2	100	0
7	1	31	100	0
9	2	1	100	0
10	2	3	100	0
12	2	32	100	0
14	3	2	100	0
15	3	4	100	0
17	3	33	100	0
19	4	3	100	0
20	4	5	100	0
22	4	34	100	0
24	5	4	100	0
25	5	6	100	0
27	5	35	100	0
29	6	5	100	0
30	6	7	100	0
32	6	36	100	0
34	7	6	100	0
35	7	8	100	0
37	7	37	100	0
39	8	7	100	0
40	8	9	100	0
42	8	38	100	0
44	9	8	100	0
45	9	10	100	0
47	9	39	100	0
49	10	9	100	0
50	10	11	100	0
52	10	40	100	0
54	11	10	100	0
55	11	12	100	0
57	11	41	100	0
59	12	11	100	0
60	12	13	100	0
62	12	42	100	0
64	13	12	100	0
65	13	14	100	0
67	13	43	100	0
69	14	13	100	0
70	14	15	100	0
72	14	44	100	0
74	15	14	100	0
75	15	16	100	0
77	15	45	100	0
79	16	15	100	0
80	16	17	100	0
82	16	46	100	0
84	17	16	100	0
85	17	18	100	0
87	17	47	100	0
89	18	17	100	0
90	18	19	100	0
92	18	48	100	0
94	19	18	100	0
95	19	20	100	0
97	19	49	100	0
99	20	19	100	0
100	20	21	100	0
102	20	50	100	0
104	21	20	100	0
105	21	22	100	0
107	21	51	100	0
109	22	21	100	0
110	22	23	100	0
112	22	52	100	0
114	23	22	100	0
115	23	24	100	0
117	23	53	100	0
119	24	23	100	0
120	24	25	100	0
122	24	54	100	0
124	25	24	100	0
125	25	26	100	0
127	25	55	100	0
129	26	25	100	0
130	26	27	100	0
132	26	56	100	0
134	27	26	100	0
135	27	28	100	0
137	27	57	100	0
139	28	27	100	0
140	28	29	100	0
142	28	58	100	0
144	29	28	100	0
146	29	59	100	0
147	30	0	100	0
149	30	31	100	0
150	30	60	100	0
153	31	1	100	0
155	31	30	100	0
156	31	32	100	0
158	31	61	100	0
161	32	2	100	0
163	32	31	100	0
164	32	33	100	0
166	32	62	100	0
169	33	3	100	0
171	33	32	100	0
172	33	34	100	0
174	33	63	100	0
177	34	4	100	0
179	34	33	100	0
180	34	35	100	0
182	34	64	100	0
185	35	5	100	0
187	35	34	100	0
188	35	36	100	0
190	35	65	100	0
193	36	6	100	0
195	36	35	100	0
196	36	37	100	0
198	36	66	100	0
201	37	7	100	0
203	37	36	100	0
204	37	38	100	0
206	37	67	100	0
209	38	8	100	0
211	38	37	100	0
212	38	39	100	0
214	38	68	100	0
217	39	9	100	0
219	39	38	100	0
220	39	40	100	0
222	39	69	100	0
225	40	10	100	0
227	40	39	100	0
228	40	41	100	0
230	40	70	100	0
233	41	11	100	0
235	41	40	100	0
236	41	42	100	0
238	41	71	100	0
241	42	12	100	0
243	42	41	100	0
244	42	43	100	0
246	42	72	100	0
249	43	13	100	0
251	43	42	100	0
252	43	44	100	0
254	43	73	100	0
257	44	14	100	0
259	44	43	100	0
260	44	45	100	0
262	44	74	100	0
265	45	15	100	0
267	45	44	100	0
268	45	46	100	0
270	45	75	100	0
273	46	16	100	0
275	46	45	100	0
276	46	47	100	0
278	46	76	100	0
281	47	17	100	0
283	47	46	100	0
284	47	48	100	0
286	47	77	100	0
289	48	18	100	0
291	48	47	100	0
292	48	49	100	0
294	48	78	100	0
297	49	19	100	0
299	49	48	100	0
300	49	50	100	0
302	49	79	100	0
305	50	20	100	0
307	50	49	100	0
308	50	51	100	0
310	50	80	100	0
313	51	21	100	0
315	51	50	100	0
316	51	52	100	0
318	51	81	100	0
321	52	22	100	0
323	52	51	100	0
324	52	53	100	0
326	52	82	100	0
329	53	23	100	0
331	53	52	100	0
332	53	54	100	0
334	53	83	100	0
337	54	24	100	0
339	54	53	100	0
340	54	55	100	0
342	54	84	100	0
345	55	25	100	0
347	55	54	100	0
348	55	56	100	0
350	55	85	100	0
353	56	26	100	0
355	56	55	100	0
356	56	57	100	0
358	56	86	100	0
361	57	27	100	0
363	57	56	100	0
364	57	58	100	0
366	57	87	100	0
369	58	28	100	0
371	58	57	100	0
372	58	59	100	0
374	58	88	100	0
377	59	29	100	0
378	59	58	100	0
380	59	89	100	0
381	60	30	100	0
383	60	61	100	0
384	60	90	100	0
387	61	31	100	0
389	61	60	100	0
390	61	62	100	0
392	61	91	100	0
395	62	32	100	0
397	62	61	100	0
398	62	63	100	0
400	62	92	100	0
403	63	33	100	0
405	63	62	100	0
406	63	64	100	0
408	63	93	100	0
411	64	34	100	0
413	64	63	100	0
414	64	65	100	0
416	64	94	100	0
419	65	35	100	0
421	65	64	100	0
422	65	66	100	0
424	65	95	100	0
427	66	36	100	0
429	66	65	100	0
430	66	67	100	0
432	66	96	100	0
435	67	37	100	0
437	67	66	100	0
438	67	68	100	0
440	67	97	100	0
443	68	38	100	0
445	68	67	100	0
446	68	69	100	0
448	68	98	100	0
451	69	39	100	0
453	69	68	100	0
454	69	70	100	0
456	69	99	100	0
459	70	40	100	0
461	70	69	100	0
462	70	71	100	0
464	70	100	100	0
467	71	41	100	0
469	71	70	100	0
470	71	72	100	0
472	71	101	100	0
475	72	42	100	0
477	72	71	100	0
478	72	73	100	0
480	72	102	100	0
483	73	43	100	0
485	73	72	100	0
486	73	74	100	0
488	73	103	100	0
491	74	44	100	0
493	74	73	100	0
494	74	75	100	0
496	74	104	100	0
499	75	45	100	0
501	75	74	100	0
502	75	76	100	0
504	75	105	100	0
507	76	46	100	0
509	76	75	100	0
510	76	77	100	0
512	76	106	100	0
515	77	47	100	0
517	77	76	100	0
518	77	78	100	0
520	77	107	100	0
523	78	48	100	0
525	78	77	100	0
526	78	79	100	0
528	78	108	100	0
531	79	49	100	0
533	79	78	100	0
534	79	80	100	0
536	79	109	100	0
539	80	50	100	0
541	80	79	100	0
542	80	81	100	0
544	80	110	100	0
547	81	51	100	0
549	81	80	100	0
550	81	82	100	0
552	81	111	100	0
555	82	52	100	0
557	82	81	100	0
558	82	83	100	0
560	82	112	100	0
563	83	53	100	0
565	83	82	100	0
566	83	84	100	0
568	83	113	100	0
571	84	54	100	0
573	84	83	100	0
574	84	85	100	0
576	84	114	100	0
579	85	55	100	0
581	85	84	100	0
582	85	86	100	0
584	85	115	100	0
587	86	56	100	0
589	86	85	100	0
590	86	87	100	0
592	86	116	100	0
595	87	57	100	0
597	87	86	100	0
598	87	88	100	0
600	87	117	100	0
603	88	58	100	0
605	88	87	100	0
606	88	89	100	0
608	88	118	100	0
611	89	59	100	0
612	89	88	100	0
614	89	119	100	0
615	90	60	100	0
617	90	91	100	0
618	90	120	100	0
621	91	61	100	0
623	91	90	100	0
624	91	92	100	0
626	91	121	100	0
629	92	62	100	0
631	92	91	100	0
632	92	93	100	0
634	92	122	100	0
637	93	63	100	0
639	93	92	100	0
640	93	94	100	0
642	93	123	100	0
645	94	64	100	0
647	94	93	100	0
648	94	95	100	0
650	94	124	100	0
653	95	65	100	0
655	95	94	100	0
656	95	96	100	0
658	95	125	100	0
661	96	66	100	0
663	96	95	100	0
664	96	97	100	0
666	96	126	100	0
669	97	67	100	0
671	97	96	100	0
672	97	98	100	0
674	97	127	100	0
677	98	68	100	0
679	98	97	100	0
680	98	99	100	0
682	98	128	100	0
685	99	69	100	0
687	99	98	100	0
688	99	100	100	0
690	99	129	100	0
693	100	70	100	0
695	100	99	100	0
696	100	101	100	0
698	100	130	100	0
701	101	71	100	0
703	101	100	100	0
704	101	102	100	0
706	101	131	100	0
709	102	72	100	0
711	102	101	100	0
712	102	103	100	0
714	102	132	100	0
717	103	73	100	0
719	103	102	100	0
720	103	104	100	0
722	103	133	100	0
725	104	74	100	0
727	104	103	100	0
728	104	105	100	0
730	104	134	100	0
733	105	75	100	0
735	105	104	100	0
736	105	106	100	0
738	105	135	100	0
741	106	76	100	0
743	106	105	100	0
744	106	107	100	0
746	106	136	100	0
749	107	77	100	0
751	107	106	100	0
752	107	108	100	0
754	107	137	100	0
757	108	78	100	0
759	108	107	100	0
760	108	109	100	0
762	108	138	100	0
765	109	79	100	0
767	109	108	100	0
768	109	110	100	0
770	109	139	100	0
773	110	80	100	0
775	110	109	100	0
776	110	111	100	0
778	110	140	100	0
781	111	81	100	0
783	111	110	100	0
784	111	112	100	0
786	111	141	100	0
789	112	82	100	0
791	112	111	100	0
792	112	113	100	0
794	112	142	100	0
797	113	83	100	0
799	113	112	100	0
800	113	114	100	0
802	113	143	100	0
805	114	84	100	0
807	114	113	100	0
808	114	115	100	0
810	114	144	100	0
813	115	85	100	0
815	115	114	100	0
816	115	116	100	0
818	115	145	100	0
821	116	86	100	0
823	116	115	100	0
824	116	117	100	0
826	116	146	100	0
829	117	87	100	0
831	117	116	100	0
832	117	118	100	0
834	117	147	100	0
837	118	88	100	0
839	118	117	100	0
840	118	119	100	0
842	118	148	100	0
845	119	89	100	0
846	119	118	100	0
848	119	149	100	0
849	120	90	100	0
851	120	121	100	0
852	120	150	100	0
855	121	91	100	0
857	121	120	100	0
858	121	122	100	0
860	121	151	100	0
863	122	92	100	0
865	122	121	100	0
866	122	123	100	0
868	122	152	100	0
871	123	93	100	0
873	123	122	100	0
874	123	124	100	0
876	123	153	100	0
879	124	94	100	0
881	124	123	100	0
882	124	125	100	0
884	124	154	100	0
887	125	95	100	0
889	125	124	100	0
890	125	126	100	0
892	125	155	100	0
895	126	96	100	0
897	126	125	100	0
898	126	127	100	0
900	126	156	100	0
903	127	97	100	0
905	127	126	100	0
906	127	128	100	0
908	127	157	100	0
911	128	98	100	0
913	128	127	100	0
914	128	129	100	0
916	128	158	100	0
919	129	99	100	0
921	129	128	100	0
922	129	130	100	0
924	129	159	100	0
927	130	100	100	0
929	130	129	100	0
930	130	131	100	0
932	130	160	100	0
935	131	101	100	0
937	131	130	100	0
938	131	132	100	0
940	131	161	100	0
943	132	102	100	0
945	132	131	100	0
946	132	133	100	0
948	132	162	100	0
951	133	103	100	0
953	133	132	100	0
954	133	134	100	0
956	133	163	100	0
959	134	104	100	0
961	134	133	100	0
962	134	135	100	0
964	134	164	100	0
967	135	105	100	0
969	135	134	100	0
970	135	136	100	0
972	135	165	100	0
975	136	106	100	0
977	136	135	100	0
978	136	137	100	0
980	136	166	100	0
983	137	107	100	0
985	137	136	100	0
986	137	138	100	0
988	137	167	100	0
991	138	108	100	0
993	138	137	100	0
994	138	139	100	0
996	138	168	100	0
999	139	109	100	0
1001	139	138	100	0
1002	139	140	100	0
1004	139	169	100	0
1007	140	110	100	0
1009	140	139	100	0
1010	140	141	100	0
1012	140	170	100	0
1015	141	111	100	0
1017	141	140	100	0
1018	141	142	100	0
1020	141	171	100	0
1023	142	112	100	0
1025	142	141	100	0
1026	142	143	100	0
1028	142	172	100	0
1031	143	113	100	0
1033	143	142	100	0
1034	143	144	100	0
1036	143	173	100	0
1039	144	114	100	0
1041	144	143	100	0
1042	144	145	100	0
1044	144	174	100	0
1047	145	115	100	0
1049	145	144	100	0
1050	145	146	100	0
1052	145	175	100	0
1055	146	116	100	0
1057	146	145	100	0
1058	146	147	100	0
1060	146	176	100	0
1063	147	117	100	0
1065	147	146	100	0
1066	147	148	100	0
1068	147	177	100	0
1071	148	118	100	0
1073	148	147	100	0
1074	148	149	100	0
1076	148	178	100	0
1079	149	119	100	0
1080	149	148	100	0
1082	149	179	100	0
1083	150	120	100	0
1085	150	151	100	0
1086	150	180	100	0
1089	151	121	100	0
1091	151	150	100	0
1092	151	152	100	0
1094	151	181	100	0
1097	152	122	100	0
1099	152	151	100	0
1100	152	153	100	0
1102	152	182	100	0
1105	153	123	100	0
1107	153	152	100	0
1108	153	154	100	0
1110	153	183	100	0
1113	154	124	100	0
1115	154	153	100	0
1116	154	155	100	0
1118	154	184	100	0
1121	155	125	100	0
1123	155	154	100	0
1124	155	156	100	0
1126	155	185	100	0
1129	156	126	100	0
1131	156	155	100	0
1132	156	157	100	0
1134	156	186	100	0
1137	157	127	100	0
1139	157	156	100	0
1140	157	158	100	0
1142	157	187	100	0
1145	158	128	100	0
1147	158	157	100	0
1148	158	159	100	0
1150	158	188	100	0
1153	159	129	100	0
1155	159	158	100	0
1156	159	160	100	0
1158	159	189	100	0
1161	160	130	100	0
1163	160	159	100	0
1164	160	161	100	0
1166	160	190	100	0
1169	161	131	100	0
1171	161	160	100	0
1172	161	162	100	0
1174	161	191	100	0
1177	162	132	100	0
1179	162	161	100	0
1180	162	163	100	0
1182	162	192	100	0
1185	163	133	100	0
1187	163	162	100	0
1188	163	164	100	0
1190	163	193	100	0
1193	164	134	100	0
1195	164	163	100	0
1196	164	165	100	0
1198	164	194	100	0
1201	165	135	100	0
1203	165	164	100	0
1204	165	166	100	0
1206	165	195	100	0
1209	166	136	100	0
1211	166	165	100	0
1212	166	167	100	0
1214	166	196	100	0
1217	167	137	100	0
1219	167	166	100	0
1220	167	168	100	0
1222	167	197	100	0
1225	168	138	100	0
1227	168	167	100	0
1228	168	169	100	0
1230	168	198	100	0
1233	169	139	100	0
1235	169	168	100	0
1236	169	170	100	0
1238	169	199	100	0
1241	170	140	100	0
1243	170	169	100	0
1244	170	171	100	0
1246	170	200	100	0
1249	171	141	100	0
1251	171	170	100	0
1252	171	172	100	0
1254	171	201	100	0
1257	172	142	100	0
1259	172	171	100	0
1260	172	173	100	0
1262	172	202	100	0
1265	173	143	100	0
1267	173	172	100	0
1268	173	174	100	0
1270	173	203	100	0
1273	174	144	100	0
1275	174	173	100	0
1276	174	175	100	0
1278	174	204	100	0
1281	175	145	100	0
1283	175	174	100	0
1284	175	176	100	0
1286	175	205	100	0
1289	176	146	100	0
1291	176	175	100	0
1292	176	177	100	0
1294	176	206	100	0
1297	177	147	100	0
1299	177	176	100	0
1300	177	178	100	0
1302	177	207	100	0
1305	178	148	100	0
1307	178	177	100	0
1308	178	179	100	0
1310	178	208	100	0
1313	179	149	100	0
1314	179	178	100	0
1316	179	209	100	0
1317	180	150	100	0
1319	180	181	100	0
1320	180	210	100	0
1323	181	151	100	0
1325	181	180	100	0
1326	181	182	100	0
1328	181	211	100	0
1331	182	152	100	0
1333	182	181	100	0
1334	182	183	100	0
1336	182	212	100	0
1339	183	153	100	0
1341	183	182	100	0
1342	183	184	100	0
1344	183	213	100	0
1347	184	154	100	0
1349	184	183	100	0
1350	184	185	100	0
1352	184	214	100	0
1355	185	155	100	0
1357	185	184	100	0
1358	185	186	100	0
1360	185	215	100	0
1363	186	156	100	0
1365	186	185	100	0
1366	186	187	100	0
1368	186	216	100	0
1371	187	157	100	0
1373	187	186	100	0
1374	187	188	100	0
1376	187	217	100	0
1379	188	158	100	0
1381	188	187	100	0
1382	188	189	100	0
1384	188	218	100	0
1387	189	159	100	0
1389	189	188	100	0
1390	189	190	100	0
1392	189	219	100	0
1395	190	160	100	0
1397	190	189	100	0
1398	190	191	100	0
1400	190	220	100	0
1403	191	161	100	0
1405	191	190	100	0
1406	191	192	100	0
1408	191	221	100	0
1411	192	162	100	0
1413	192	191	100	0
1414	192	193	100	0
1416	192	222	100	0
1419	193	163	100	0
1421	193	192	100	0
1422	193	194	100	0
1424	193	223	100	0
1427	194	164	100	0
1429	194	193	100	0
1430	194	195	100	0
1432	194	224	100	0
1435	195	165	100	0
1437	195	194	100	0
1438	195	196	100	0
1440	195	225	100	0
1443	196	166	100	0
1445	196	195	100	0
1446	196	197	100	0
1448	196	226	100	0
1451	197	167	100	0
1453	197	196	100	0
1454	197	198	100	0
1456	197	227	100	0
1459	198	168	100	0
1461	198	197	100	0
1462	198	199	100	0
1464	198	228	100	0
1467	199	169	100	0
1469	199	198	100	0
1470	199	200	100	0
1472	199	229	100	0
1475	200	170	100	0
1477	200	199	100	0
1478	200	201	100	0
1480	200	230	100	0
1483	201	171	100	0
1485	201	200	100	0
1486	201	202	100	0
1488	201	231	100	0
1491	202	172	100	0
1493	202	201	100	0
1494	202	203	100	0
1496	202	232	100	0
1499	203	173	100	0
1501	203	202	100	0
1502	203	204	100	0
1504	203	233	100	0
1507	204	174	100	0
1509	204	203	100	0
1510	204	205	100	0
1512	204	234	100	0
1515	205	175	100	0
1517	205	204	100	0
1518	205	206	100	0
1520	205	235	100	0
1523	206	176	100	0
1525	206	205	100	0
1526	206	207	100	0
1528	206	236	100	0
1531	207	177	100	0
1533	207	206	100	0
1534	207	208	100	0
1536	207	237	100	0
1539	208	178	100	0
1541	208	207	100	0
1542	208	209	100	0
1544	208	238	100	0
1547	209	179	100	0
1548	209	208	100	0
1550	209	239	100	0
1551	210	180	100	0
1553	210	211	100	0
1554	210	240	100	0
1557	211	181	100	0
1559	211	210	100	0
1560	211	212	100	0
1562	211	241	100	0
1565	212	182	100	0
1567	212	211	100	0
1568	212	213	100	0
1570	212	242	100	0
1573	213	183	100	0
1575	213	212	100	0
1576	213	214	100	0
1578	213	243	100	0
1581	214	184	100	0
1583	214	213	100	0
1584	214	215	100	0
1586	214	244	100	0
1589	215	185	100	0
1591	215	214	100	0
1592	215	216	100	0
1594	215	245	100	0
1597	216	186	100	0
1599	216	215	100	0
1600	216	217	100	0
1602	216	246	100	0
1605	217	187	100	0
1607	217	216	100	0
1608	217	218	100	0
1610	217	247	100	0
1613	218	188	100	0
1615	218	217	100	0
1616	218	219	100	0
1618	218	248	100	0
1621	219	189	100	0
1623	219	218	100	0
1624	219	220	100	0
1626	219	249	100	0
1629	220	190	100	0
1631	220	219	100	0
1632	220	221	100	0
1634	220	250	100	0
1637	221	191	100	0
1639	221	220	100	0
1640	221	222	100	0
1642	221	251	100	0
1645	222	192	100	0
1647	222	221	100	0
1648	222	223	100	0
1650	222	252	100	0
1653	223	193	100	0
1655	223	222	100	0
1656	223	224	100	0
1658	223	253	100	0
1661	224	194	100	0
1663	224	223	100	0
1664	224	225	100	0
1666	224	254	100	0
1669	225	195	100	0
1671	225	224	100	0
1672	225	226	100	0
1674	225	255	100	0
1677	226	196	100	0
1679	226	225	100	0
1680	226	227	100	0
1682	226	256	100	0
1685	227	197	100	0
1687	227	226	100	0
1688	227	228	100	0
1690	227	257	100	0
1693	228	198	100	0
1695	228	227	100	0
1696	228	229	100	0
1698	228	258	100	0
1701	229	199	100	0
1703	229	228	100	0
1704	229	230	100	0
1706	229	259	100	0
1709	230	200	100	0
1711	230	229	100	0
1712	230	231	100	0
1714	230	260	100	0
1717	231	201	100	0
1719	231	230	100	0
1720	231	232	100	0
1722	231	261	100	0
1725	232	202	100	0
1727	232	231	100	0
1728	232	233	100	0
1730	232	262	100	0
1733	233	203	100	0
1735	233	232	100	0
1736	233	234	100	0
1738	233	263	100	0
1741	234	204	100	0
1743	234	233	100	0
1744	234	235	100	0
1746	234	264	100	0
1749	235	205	100	0
1751	235	234	100	0
1752	235	236	100	0
1754	235	265	100	0
1757	236	206	100	0
1759	236	235	100	0
1760	236	237	100	0
1762	236	266	100	0
1765	237	207	100	0
1767	237	236	100	0
1768	237	238	100	0
1770	237	267	100	0
1773	238	208	100	0
1775	238	237	100	0
1776	238	239	100	0
1778	238	268	100	0
1781	239	209	100	0
1782	239	238	100	0
1784	239	269	100	0
1785	240	210	100	0
1787	240	241	100	0
1788	240	270	100	0
1791	241	211	100	0
1793	241	240	100	0
1794	241	242	100	0
1796	241	271	100	0
1799	242	212	100	0
1801	242	241	100	0
1802	242	243	100	0
1804	242	272	100	0
1807	243	213	100	0
1809	243	242	100	0
1810	243	244	100	0
1812	243	273	100	0
1815	244	214	100	0
1817	244	243	100	0
1818	244	245	100	0
1820	244	274	100	0
1823	245	215	100	0
1825	245	244	100	0
1826	245	246	100	0
1828	245	275	100	0
1831	246	216	100	0
1833	246	245	100	0
1834	246	247	100	0
1836	246	276	100	0
1839	247	217	100	0
1841	247	246	100	0
1842	247	248	100	0
1844	247	277	100	0
1847	248	218	100	0
1849	248	247	100	0
1850	248	249	100	0
1852	248	278	100	0
1855	249	219	100	0
1857	249	248	100	0
1858	249	250	100	0
1860	249	279	100	0
1863	250	220	100	0
1865	250	249	100	0
1866	250	251	100	0
1868	250	280	100	0
1871	251	221	100	0
1873	251	250	100	0
1874	251	252	100	0
1876	251	281	100	0
1879	252	222	100	0
1881	252	251	100	0
1882	252	253	100	0
1884	252	282	100	0
1887	253	223	100	0
1889	253	252	100	0
1890	253	254	100	0
1892	253	283	100	0
1895	254	224	100	0
1897	254	253	100	0
1898	254	255	100	0
1900	254	284	100	0
1903	255	225	100	0
1905	255	254	100	0
1906	255	256	100	0
1908	255	285	100	0
1911	256	226	100	0
1913	256	255	100	0
1914	256	257	100	0
1916	256	286	100	0
1919	257	227	100	0
1921	257	256	100	0
1922	257	258	100	0
1924	257	287	100	0
1927	258	228	100	0
1929	258	257	100	0
1930	258	259	100	0
1932	258	288	100	0
1935	259	229	100	0
1937	259	258	100	0
1938	259	260	100	0
1940	259	289	100	0
1943	260	230	100	0
1945	260	259	100	0
1946	260	261	100	0
1948	260	290	100	0
1951	261	231	100	0
1953	261	260	100	0
1954	261	262	100	0
1956	261	291	100	0
1959	262	232	100	0
1961	262	261	100	0
1962	262	263	100	0
1964	262	292	100	0
1967	263	233	100	0
1969	263	262	100	0
1970	263	264	100	0
1972	263	293	100	0
1975	264	234	100	0
1977	264	263	100	0
1978	264	265	100	0
1980	264	294	100	0
1983	265	235	100	0
1985	265	264	100	0
1986	265	266	100	0
1988	265	295	100	0
1991	266	236	100	0
1993	266	265	100	0
1994	266	267	100	0
1996	266	296	100	0
1999	267	237	100	0
2001	267	266	100	0
2002	267	268	100	0
2004	267	297	100	0
2007	268	238	100	0
2009	268	267	100	0
2010	268	269	100	0
2012	268	298	100	0
2015	269	239	100	0
2016	269	268	100	0
2018	269	299	100	0
2019	270	240	100	0
2021	270	271	100	0
2022	270	300	100	0
2025	271	241	100	0
2027	271	270	100	0
2028	271	272	100	0
2030	271	301	100	0
2033	272	242	100	0
2035	272	271	100	0
2036	272	273	100	0
2038	272	302	100	0
2041	273	243	100	0
2043	273	272	100	0
2044	273	274	100	0
2046	273	303	100	0
2049	274	244	100	0
2051	274	273	100	0
2052	274	275	100	0
2054	274	304	100	0
2057	275	245	100	0
2059	275	274	100	0
2060	275	276	100	0
2062	275	305	100	0
2065	276	246	100	0
2067	276	275	100	0
2068	276	277	100	0
2070	276	306	100	0
2073	277	247	100	0
2075	277	276	100	0
2076	277	278	100	0
2078	277	307	100	0
2081	278	248	100	0
2083	278	277	100	0
2084	278	279	100	0
2086	278	308	100	0
2089	279	249	100	0
2091	279	278	100	0
2092	279	280	100	0
2094	279	309	100	0
2097	280	250	100	0
2099	280	279	100	0
2100	280	281	100	0
2102	280	310	100	0
2105	281	251	100	0
2107	281	280	100	0
2108	281	282	100	0
2110	281	311	100	0
2113	282	252	100	0
2115	282	281	100	0
2116	282	283	100	0
2118	282	312	100	0
2121	283	253	100	0
2123	283	282	100	0
2124	283	284	100	0
2126	283	313	100	0
2129	284	254	100	0
2131	284	283	100	0
2132	284	285	100	0
2134	284	314	100	0
2137	285	255	100	0
2139	285	284	100	0
2140	285	286	100	0
2142	285	315	100	0
2145	286	256	100	0
2147	286	285	100	0
2148	286	287	100	0
2150	286	316	100	0
2153	287	257	100	0
2155	287	286	100	0
2156	287	288	100	0
2158	287	317	100	0
2161	288	258	100	0
2163	288	287	100	0
2164	288	289	100	0
2166	288	318	100	0
2169	289	259	100	0
2171	289	288	100	0
2172	289	290	100	0
2174	289	319	100	0
2177	290	260	100	0
2179	290	289	100	0
2180	290	291	100	0
2182	290	320	100	0
2185	291	261	100	0
2187	291	290	100	0
2188	291	292	100	0
2190	291	321	100	0
2193	292	262	100	0
2195	292	291	100	0
2196	292	293	100	0
2198	292	322	100	0
2201	293	263	100	0
2203	293	292	100	0
2204	293	294	100	0
2206	293	323	100	0
2209	294	264	100	0
2211	294	293	100	0
2212	294	295	100	0
2214	294	324	100	0
2217	295	265	100	0
2219	295	294	100	0
2220	295	296	100	0
2222	295	325	100	0
2225	296	266	100	0
2227	296	295	100	0
2228	296	297	100	0
2230	296	326	100	0
2233	297	267	100	0
2235	297	296	100	0
2236	297	298	100	0
2238	297	327	100	0
2241	298	268	100	0
2243	298	297	100	0
2244	298	299	100	0
2246	298	328	100	0
2249	299	269	100	0
2250	299	298	100	0
2252	299	329	100	0
2253	300	270	100	0
2255	300	301	100	0
2256	300	330	100	0
2259	301	271	100	0
2261	301	300	100	0
2262	301	302	100	0
2264	301	331	100	0
2267	302	272	100	0
2269	302	301	100	0
2270	302	303	100	0
2272	302	332	100	0
2275	303	273	100	0
2277	303	302	100	0
2278	303	304	100	0
2280	303	333	100	0
2283	304	274	100	0
2285	304	303	100	0
2286	304	305	100	0
2288	304	334	100	0
2291	305	275	100	0
2293	305	304	100	0
2294	305	306	100	0
2296	305	335	100	0
2299	306	276	100	0
2301	306	305	100	0
2302	306	307	100	0
2304	306	336	100	0
2307	307	277	100	0
2309	307	306	100	0
2310	307	308	100	0
2312	307	337	100	0
2315	308	278	100	0
2317	308	307	100	0
2318	308	309	100	0
2320	308	338	100	0
2323	309	279	100	0
2325	309	308	100	0
2326	309	310	100	0
2328	309	339	100	0
2331	310	280	100	0
2333	310	309	100	0
2334	310	311	100	0
2336	310	340	100	0
2339	311	281	100	0
2341	311	310	100	0
2342	311	312	100	0
2344	311	341	100	0
2347	312	282	100	0
2349	312	311	100	0
2350	312	313	100	0
2352	312	342	100	0
2355	313	283	100	0
2357	313	312	100	0
2358	313	314	100	0
2360	313	343	100	0
2363	314	284	100	0
2365	314	313	100	0
2366	314	315	100	0
2368	314	344	100	0
2371	315	285	100	0
2373	315	314	100	0
2374	315	316	100	0
2376	315	345	100	0
2379	316	286	100	0
2381	316	315	100	0
2382	316	317	100	0
2384	316	346	100	0
2387	317	287	100	0
2389	317	316	100	0
2390	317	318	100	0
2392	317	347	100	0
2395	318	288	100	0
2397	318	317	100	0
2398	318	319	100	0
2400	318	348	100	0
2403	319	289	100	0
2405	319	318	100	0
2406	319	320	100	0
2408	319	349	100	0
2411	320	290	100	0
2413	320	319	100	0
2414	320	321	100	0
2416	320	350	100	0
2419	321	291	100	0
2421	321	320	100	0
2422	321	322	100	0
2424	321	351	100	0
2427	322	292	100	0
2429	322	321	100	0
2430	322	323	100	0
2432	322	352	100	0
2435	323	293	100	0
2437	323	322	100	0
2438	323	324	100	0
2440	323	353	100	0
2443	324	294	100	0
2445	324	323	100	0
2446	324	325	100	0
2448	324	354	100	0
2451	325	295	100	0
2453	325	324	100	0
2454	325	326	100	0
2456	325	355	100	0
2459	326	296	100	0
2461	326	325	100	0
2462	326	327	100	0
2464	326	356	100	0
2467	327	297	100	0
2469	327	326	100	0
2470	327	328	100	0
2472	327	357	100	0
2475	328	298	100	0
2477	328	327	100	0
2478	328	329	100	0
2480	328	358	100	0
2483	329	299	100	0
2484	329	328	100	0
2486	329	359	100	0
2487	330	300	100	0
2489	330	331	100	0
2490	330	360	100	0
2493	331	301	100	0
2495	331	330	100	0
2496	331	332	100	0
2498	331	361	100	0
2501	332	302	100	0
2503	332	331	100	0
2504	332	333	100	0
2506	332	362	100	0
2509	333	303	100	0
2511	333	332	100	0
2512	333	334	100	0
2514	333	363	100	0
2517	334	304	100	0
2519	334	333	100	0
2520	334	335	100	0
2522	334	364	100	0
2525	335	305	100	0
2527	335	334	100	0
2528	335	336	100	0
2530	335	365	100	0
2533	336	306	100	0
2535	336	335	100	0
2536	336	337	100	0
2538	336	366	100	0
2541	337	307	100	0
2543	337	336	100	0
2544	337	338	100	0
2546	337	367	100	0
2549	338	308	100	0
2551	338	337	100	0
2552	338	339	100	0
2554	338	368	100	0
2557	339	309	100	0
2559	339	338	100	0
2560	339	340	100	0
2562	339	369	100	0
2565	340	310	100	0
2567	340	339	100	0
2568	340	341	100	0
2570	340	370	100	0
2573	341	311	100	0
2575	341	340	100	0
2576	341	342	100	0
2578	341	371	100	0
2581	342	312	100	0
2583	342	341	100	0
2584	342	343	100	0
2586	342	372	100	0
2589	343	313	100	0
2591	343	342	100	0
2592	343	344	100	0
2594	343	373	100	0
2597	344	314	100	0
2599	344	343	100	0
2600	344	345	100	0
2602	344	374	100	0
2605	345	315	100	0
2607	345	344	100	0
2608	345	346	100	0
2610	345	375	100	0
2613	346	316	100	0
2615	346	345	100	0
2616	346	347	100	0
2618	346	376	100	0
2621	347	317	100	0
2623	347	346	100	0
2624	347	348	100	0
2626	347	377	100	0
2629	348	318	100	0
2631	348	347	100	0
2632	348	349	100	0
2634	348	378	100	0
2637	349	319	100	0
2639	349	348	100	0
2640	349	350	100	0
2642	349	379	100	0
2645	350	320	100	0
2647	350	349	100	0
2648	350	351	100	0
2650	350	380	100	0
2653	351	321	100	0
2655	351	350	100	0
2656	351	352	100	0
2658	351	381	100	0
2661	352	322	100	0
2663	352	351	100	0
2664	352	353	100	0
2666	352	382	100	0
2669	353	323	100	0
2671	353	352	100	0
2672	353	354	100	0
2674	353	383	100	0
2677	354	324	100	0
2679	354	353	100	0
2680	354	355	100	0
2682	354	384	100	0
2685	355	325	100	0
2687	355	354	100	0
2688	355	356	100	0
2690	355	385	100	0
2693	356	326	100	0
2695	356	355	100	0
2696	356	357	100	0
2698	356	386	100	0
2701	357	327	100	0
2703	357	356	100	0
2704	357	358	100	0
2706	357	387	100	0
2709	358	328	100	0
2711	358	357	100	0
2712	358	359	100	0
2714	358	388	100	0
2717	359	329	100	0
2718	359	358	100	0
2720	359	389	100	0
2721	360	330	100	0
2723	360	361	100	0
2724	360	390	100	0
2727	361	331	100	0
2729	361	360	100	0
2730	361	362	100	0
2732	361	391	100	0
2735	362	332	100	0
2737	362	361	100	0
2738	362	363	100	0
2740	362	392	100	0
2743	363	333	100	0
2745	363	362	100	0
2746	363	364	100	0
2748	363	393	100	0
2751	364	334	100	0
2753	364	363	100	0
2754	364	365	100	0
2756	364	394	100	0
2759	365	335	100	0
2761	365	364	100	0
2762	365	366	100	0
2764	365	395	100	0
2767	366	336	100	0
2769	366	365	100	0
2770	366	367	100	0
2772	366	396	100	0
2775	367	337	100	0
2777	367	366	100	0
2778	367	368	100	0
2780	367	397	100	0
2783	368	338	100	0
2785	368	367	100	0
2786	368	369	100	0
2788	368	398	100	0
2791	369	339	100	0
2793	369	368	100	0
2794	369	370	100	0
2796	369	399	100	0
2799	370	340	100	0
2801	370	369	100	0
2802	370	371	100	0
2804	370	400	100	0
2807	371	341	100	0
2809	371	370	100	0
2810	371	372	100	0
2812	371	401	100	0
2815	372	342	100	0
2817	372	371	100	0
2818	372	373	100	0
2820	372	402	100	0
2823	373	343	100	0
2825	373	372	100	0
2826	373	374	100	0
2828	373	403	100	0
2831	374	344	100	0
2833	374	373	100	0
2834	374	375	100	0
2836	374	404	100	0
2839	375	345	100	0
2841	375	374	100	0
2842	375	376	100	0
2844	375	405	100	0
2847	376	346	100	0
2849	376	375	100	0
2850	376	377	100	0
2852	376	406	100	0
2855	377	347	100	0
2857	377	376	100	0
2858	377	378	100	0
2860	377	407	100	0
2863	378	348	100	0
2865	378	377	100	0
2866	378	379	100	0
2868	378	408	100	0
2871	379	349	100	0
2873	379	378	100	0
2874	379	380	100	0
2876	379	409	100	0
2879	380	350	100	0
2881	380	379	100	0
2882	380	381	100	0
2884	380	410	100	0
2887	381	351	100	0
2889	381	380	100	0
2890	381	382	100	0
2892	381	411	100	0
2895	382	352	100	0
2897	382	381	100	0
2898	382	383	100	0
2900	382	412	100	0
2903	383	353	100	0
2905	383	382	100	0
2906	383	384	100	0
2908	383	413	100	0
2911	384	354	100	0
2913	384	383	100	0
2914	384	385	100	0
2916	384	414	100	0
2919	385	355	100	0
2921	385	384	100	0
2922	385	386	100	0
2924	385	415	100	0
2927	386	356	100	0
2929	386	385	100	0
2930	386	387	100	0
2932	386	416	100	0
2935	387	357	100	0
2937	387	386	100	0
2938	387	388	100	0
2940	387	417	100	0
2943	388	358	100	0
2945	388	387	100	0
2946	388	389	100	0
2948	388	418	100	0
2951	389	359	100	0
2952	389	388	100	0
2954	389	419	100	0
2955	390	360	100	0
2957	390	391	100	0
2958	390	420	100	0
2961	391	361	100	0
2963	391	390	100	0
2964	391	392	100	0
2966	391	421	100	0
2969	392	362	100	0
2971	392	391	100	0
2972	392	393	100	0
2974	392	422	100	0
2977	393	363	100	0
2979	393	392	100	0
2980	393	394	100	0
2982	393	423	100	0
2985	394	364	100	0
2987	394	393	100	0
2988	394	395	100	0
2990	394	424	100	0
2993	395	365	100	0
2995	395	394	100	0
2996	395	396	100	0
2998	395	425	100	0
3001	396	366	100	0
3003	396	395	100	0
3004	396	397	100	0
3006	396	426	100	0
3009	397	367	100	0
3011	397	396	100	0
3012	397	398	100	0
3014	397	427	100	0
3017	398	368	100	0
3019	398	397	100	0
3020	398	399	100	0
3022	398	428	100	0
3025	399	369	100	0
3027	399	398	100	0
3028	399	400	100	0
3030	399	429	100	0
3033	400	370	100	0
3035	400	399	100	0
3036	400	401	100	0
3038	400	430	100	0
3041	401	371	100	0
3043	401	400	100	0
3044	401	402	100	0
3046	401	431	100	0
3049	402	372	100	0
3051	402	401	100	0
3052	402	403	100	0
3054	402	432	100	0
3057	403	373	100	0
3059	403	402	100	0
3060	403	404	100	0
3062	403	433	100	0
3065	404	374	100	0
3067	404	403	100	0
3068	404	405	100	0
3070	404	434	100	0
3073	405	375	100	0
3075	405	404	100	0
3076	405	406	100	0
3078	405	435	100	0
3081	406	376	100	0
3083	406	405	100	0
3084	406	407	100	0
3086	406	436	100	0
3089	407	377	100	0
3091	407	406	100	0
3092	407	408	100	0
3094	407	437	100	0
3097	408	378	100	0
3099	408	407	100	0
3100	408	409	100	0
3102	408	438	100	0
3105	409	379	100	0
3107	409	408	100	0
3108	409	410	100	0
3110	409	439	100	0
3113	410	380	100	0
3115	410	409	100	0
3116	410	411	100	0
3118	410	440	100	0
3121	411	381	100	0
3123	411	410	100	0
3124	411	412	100	0
3126	411	441	100	0
3129	412	382	100	0
3131	412	411	100	0
3132	412	413	100	0
3134	412	442	100	0
3137	413	383	100	0
3139	413	412	100	0
3140	413	414	100	0
3142	413	443	100	0
3145	414	384	100	0
3147	414	413	100	0
3148	414	415	100	0
3150	414	444	100	0
3153	415	385	100	0
3155	415	414	100	0
3156	415	416	100	0
3158	415	445	100	0
3161	416	386	100	0
3163	416	415	100	0
3164	416	417	100	0
3166	416	446	100	0
3169	417	387	100	0
3171	417	416	100	0
3172	417	418	100	0
3174	417	447	100	0
3177	418	388	100	0
3179	418	417	100	0
3180	418	419	100	0
3182	418	448	100	0
3185	419	389	100	0
3186	419	418	100	0
3188	419	449	100	0
3189	420	390	100	0
3191	420	421	100	0
3192	420	450	100	0
3195	421	391	100	0
3197	421	420	100	0
3198	421	422	100	0
3200	421	451	100	0
3203	422	392	100	0
3205	422	421	100	0
3206	422	423	100	0
3208	422	452	100	0
3211	423	393	100	0
3213	423	422	100	0
3214	423	424	100	0
3216	423	453	100	0
3219	424	394	100	0
3221	424	423	100	0
3222	424	425	100	0
3224	424	454	100	0
3227	425	395	100	0
3229	425	424	100	0
3230	425	426	100	0
3232	425	455	100	0
3235	426	396	100	0
3237	426	425	100	0
3238	426	427	100	0
3240	426	456	100	0
3243	427	397	100	0
3245	427	426	100	0
3246	427	428	100	0
3248	427	457	100	0
3251	428	398	100	0
3253	428	427	100	0
3254	428	429	100	0
3256	428	458	100	0
3259	429	399	100	0
3261	429	428	100	0
3262	429	430	100	0
3264	429	459	100	0
3267	430	400	100	0
3269	430	429	100	0
3270	430	431	100	0
3272	430	460	100	0
3275	431	401	100	0
3277	431	430	100	0
3278	431	432	100	0
3280	431	461	100	0
3283	432	402	100	0
3285	432	431	100	0
3286	432	433	100	0
3288	432	462	100	0
3291	433	403	100	0
3293	433	432	100	0
3294	433	434	100	0
3296	433	463	100	0
3299	434	404	100	0
3301	434	433	100	0
3302	434	435	100	0
3304	434	464	100	0
3307	435	405	100	0
3309	435	434	100	0
3310	435	436	100	0
3312	435	465	100	0
3315	436	406	100	0
3317	436	435	100	0
3318	436	437	100	0
3320	436	466	100	0
3323	437	407	100	0
3325	437	436	100	0
3326	437	438	100	0
3328	437	467	100	0
3331	438	408	100	0
3333	438	437	100	0
3334	438	439	100	0
3336	438	468	100	0
3339	439	409	100	0
3341	439	438	100	0
3342	439	440	100	0
3344	439	469	100	0
3347	440	410	100	0
3349	440	439	100	0
3350	440	441	100	0
3352	440	470	100	0
3355	441	411	100	0
3357	441	440	100	0
3358	441	442	100	0
3360	441	471	100	0
3363	442	412	100	0
3365	442	441	100	0
3366	442	443	100	0
3368	442	472	100	0
3371	443	413	100	0
3373	443	442	100	0
3374	443	444	100	0
3376	443	473	100	0
3379	444	414	100	0
3381	444	443	100	0
3382	444	445	100	0
3384	444	474	100	0
3387	445	415	100	0
3389	445	444	100	0
3390	445	446	100	0
3392	445	475	100	0
3395	446	416	100	0
3397	446	445	100	0
3398	446	447	100	0
3400	446	476	100	0
3403	447	417	100	0
3405	447	446	100	0
3406	447	448	100	0
3408	447	477	100	0
3411	448	418	100	0
3413	448	447	100	0
3414	448	449	100	0
3416	448	478	100	0
3419	449	419	100	0
3420	449	448	100	0
3422	449	479	100	0
3423	450	420	100	0
3425	450	451	100	0
3426	450	480	100	0
3429	451	421	100	0
3431	451	450	100	0
3432	451	452	100	0
3434	451	481	100	0
3437	452	422	100	0
3439	452	451	100	0
3440	452	453	100	0
3442	452	482	100	0
3445	453	423	100	0
3447	453	452	100	0
3448	453	454	100	0
3450	453	483	100	0
3453	454	424	100	0
3455	454	453	100	0
3456	454	455	100	0
3458	454	484	100	0
3461	455	425	100	0
3463	455	454	100	0
3464	455	456	100	0
3466	455	485	100	0
3469	456	426	100	0
3471	456	455	100	0
3472	456	457	100	0
3474	456	486	100	0
3477	457	427	100	0
3479	457	456	100	0
3480	457	458	100	0
3482	457	487	100	0
3485	458	428	100	0
3487	458	457	100	0
3488	458	459	100	0
3490	458	488	100	0
3493	459	429	100	0
3495	459	458	100	0
3496	459	460	100	0
3498	459	489	100	0
3501	460	430	100	0
3503	460	459	100	0
3504	460	461	100	0
3506	460	490	100	0
3509	461	431	100	0
3511	461	460	100	0
3512	461	462	100	0
3514	461	491	100	0
3517	462	432	100	0
3519	462	461	100	0
3520	462	463	100	0
3522	462	492	100	0
3525	463	433	100	0
3527	463	462	100	0
3528	463	464	100	0
3530	463	493	100	0
3533	464	434	100	0
3535	464	463	100	0
3536	464	465	100	0
3538	464	494	100	0
3541	465	435	100	0
3543	465	464	100	0
3544	465	466	100	0
3546	465	495	100	0
3549	466	436	100	0
3551	466	465	100	0
3552	466	467	100	0
3554	466	496	100	0
3557	467	437	100	0
3559	467	466	100	0
3560	467	468	100	0
3562	467	497	100	0
3565	468	438	100	0
3567	468	467	100	0
3568	468	469	100	0
3570	468	498	100	0
3573	469	439	100	0
3575	469	468	100	0
3576	469	470	100	0
3578	469	499	100	0
3581	470	440	100	0
3583	470	469	100	0
3584	470	471	100	0
3586	470	500	100	0
3589	471	441	100	0
3591	471	470	100	0
3592	471	472	100	0
3594	471	501	100	0
3597	472	442	100	0
3599	472	471	100	0
3600	472	473	100	0
3602	472	502	100	0
3605	473	443	100	0
3607	473	472	100	0
3608	473	474	100	0
3610	473	503	100	0
3613	474	444	100	0
3615	474	473	100	0
3616	474	475	100	0
3618	474	504	100	0
3621	475	445	100	0
3623	475	474	100	0
3624	475	476	100	0
3626	475	505	100	0
3629	476	446	100	0
3631	476	475	100	0
3632	476	477	100	0
3634	476	506	100	0
3637	477	447	100	0
3639	477	476	100	0
3640	477	478	100	0
3642	477	507	100	0
3645	478	448	100	0
3647	478	477	100	0
3648	478	479	100	0
3650	478	508	100	0
3653	479	449	100	0
3654	479	478	100	0
3656	479	509	100	0
3657	480	450	100	0
3659	480	481	100	0
3660	480	510	100	0
3663	481	451	100	0
3665	481	480	100	0
3666	481	482	100	0
3668	481	511	100	0
3671	482	452	100	0
3673	482	481	100	0
3674	482	483	100	0
3676	482	512	100	0
3679	483	453	100	0
3681	483	482	100	0
3682	483	484	100	0
3684	483	513	100	0
3687	484	454	100	0
3689	484	483	100	0
3690	484	485	100	0
3692	484	514	100	0
3695	485	455	100	0
3697	485	484	100	0
3698	485	486	100	0
3700	485	515	100	0
3703	486	456	100	0
3705	486	485	100	0
3706	486	487	100	0
3708	486	516	100	0
3711	487	457	100	0
3713	487	486	100	0
3714	487	488	100	0
3716	487	517	100	0
3719	488	458	100	0
3721	488	487	100	0
3722	488	489	100	0
3724	488	518	100	0
3727	489	459	100	0
3729	489	488	100	0
3730	489	490	100	0
3732	489	519	100	0
3735	490	460	100	0
3737	490	489	100	0
3738	490	491	100	0
3740	490	520	100	0
3743	491	461	100	0
3745	491	490	100	0
3746	491	492	100	0
3748	491	521	100	0
3751	492	462	100	0
3753	492	491	100	0
3754	492	493	100	0
3756	492	522	100	0
3759	493	463	100	0
3761	493	492	100	0
3762	493	494	100	0
3764	493	523	100	0
3767	494	464	100	0
3769	494	493	100	0
3770	494	495	100	0
3772	494	524	100	0
3775	495	465	100	0
3777	495	494	100	0
3778	495	496	100	0
3780	495	525	100	0
3783	496	466	100	0
3785	496	495	100	0
3786	496	497	100	0
3788	496	526	100	0
3791	497	467	100	0
3793	497	496	100	0
3794	497	498	100	0
3796	497	527	100	0
3799	498	468	100	0
3801	498	497	100	0
3802	498	499	100	0
3804	498	528	100	0
3807	499	469	100	0
3809	499	498	100	0
3810	499	500	100	0
3812	499	529	100	0
3815	500	470	100	0
3817	500	499	100	0
3818	500	501	100	0
3820	500	530	100	0
3823	501	471	100	0
3825	501	500	100	0
3826	501	502	100	0
3828	501	531	100	0
3831	502	472	100	0
3833	502	501	100	0
3834	502	503	100	0
3836	502	532	100	0
3839	503	473	100	0
3841	503	502	100	0
3842	503	504	100	0
3844	503	533	100	0
3847	504	474	100	0
3849	504	503	100	0
3850	504	505	100	0
3852	504	534	100	0
3855	505	475	100	0
3857	505	504	100	0
3858	505	506	100	0
3860	505	535	100	0
3863	506	476	100	0
3865	506	505	100	0
3866	506	507	100	0
3868	506	536	100	0
3871	507	477	100	0
3873	507	506	100	0
3874	507	508	100	0
3876	507	537	100	0
3879	508	478	100	0
3881	508	507	100	0
3882	508	509	100	0
3884	508	538	100	0
3887	509	479	100	0
3888	509	508	100	0
3890	509	539	100	0
3891	510	480	100	0
3893	510	511	100	0
3894	510	540	100	0
3897	511	481	100	0
3899	511	510	100	0
3900	511	512	100	0
3902	511	541	100	0
3905	512	482	100	0
3907	512	511	100	0
3908	512	513	100	0
3910	512	542	100	0
3913	513	483	100	0
3915	513	512	100	0
3916	513	514	100	0
3918	513	543	100	0
3921	514	484	100	0
3923	514	513	100	0
3924	514	515	100	0
3926	514	544	100	0
3929	515	485	100	0
3931	515	514	100	0
3932	515	516	100	0
3934	515	545	100	0
3937	516	486	100	0
3939	516	515	100	0
3940	516	517	100	0
3942	516	546	100	0
3945	517	487	100	0
3947	517	516	100	0
3948	517	518	100	0
3950	517	547	100	0
3953	518	488	100	0
3955	518	517	100	0
3956	518	519	100	0
3958	518	548	100	0
3961	519	489	100	0
3963	519	518	100	0
3964	519	520	100	0
3966	519	549	100	0
3969	520	490	100	0
3971	520	519	100	0
3972	520	521	100	0
3974	520	550	100	0
3977	521	491	100	0
3979	521	520	100	0
3980	521	522	100	0
3982	521	551	100	0
3985	522	492	100	0
3987	522	521	100	0
3988	522	523	100	0
3990	522	552	100	0
3993	523	493	100	0
3995	523	522	100	0
3996	523	524	100	0
3998	523	553	100	0
4001	524	494	100	0
4003	524	523	100	0
4004	524	525	100	0
4006	524	554	100	0
4009	525	495	100	0
4011	525	524	100	0
4012	525	526	100	0
4014	525	555	100	0
4017	526	496	100	0
4019	526	525	100	0
4020	526	527	100	0
4022	526	556	100	0
4025	527	497	100	0
4027	527	526	100	0
4028	527	528	100	0
4030	527	557	100	0
4033	528	498	100	0
4035	528	527	100	0
4036	528	529	100	0
4038	528	558	100	0
4041	529	499	100	0
4043	529	528	100	0
4044	529	530	100	0
4046	529	559	100	0
4049	530	500	100	0
4051	530	529	100	0
4052	530	531	100	0
4054	530	560	100	0
4057	531	501	100	0
4059	531	530	100	0
4060	531	532	100	0
4062	531	561	100	0
4065	532	502	100	0
4067	532	531	100	0
4068	532	533	100	0
4070	532	562	100	0
4073	533	503	100	0
4075	533	532	100	0
4076	533	534	100	0
4078	533	563	100	0
4081	534	504	100	0
4083	534	533	100	0
4084	534	535	100	0
4086	534	564	100	0
4089	535	505	100	0
4091	535	534	100	0
4092	535	536	100	0
4094	535	565	100	0
4097	536	506	100	0
4099	536	535	100	0
4100	536	537	100	0
4102	536	566	100	0
4105	537	507	100	0
4107	537	536	100	0
4108	537	538	100	0
4110	537	567	100	0
4113	538	508	100	0
4115	538	537	100	0
4116	538	539	100	0
4118	538	568	100	0
4121	539	509	100	0
4122	539	538	100	0
4124	539	569	100	0
4125	540	510	100	0
4127	540	541	100	0
4128	540	570	100	0
4131	541	511	100	0
4133	541	540	100	0
4134	541	542	100	0
4136	541	571	100	0
4139	542	512	100	0
4141	542	541	100	0
4142	542	543	100	0
4144	542	572	100	0
4147	543	513	100	0
4149	543	542	100	0
4150	543	544	100	0
4152	543	573	100	0
4155	544	514	100	0
4157	544	543	100	0
4158	544	545	100	0
4160	544	574	100	0
4163	545	515	100	0
4165	545	544	100	0
4166	545	546	100	0
4168	545	575	100	0
4171	546	516	100	0
4173	546	545	100	0
4174	546	547	100	0
4176	546	576	100	0
4179	547	517	100	0
4181	547	546	100	0
4182	547	548	100	0
4184	547	577	100	0
4187	548	518	100	0
4189	548	547	100	0
4190	548	549	100	0
4192	548	578	100	0
4195	549	519	100	0
4197	549	548	100	0
4198	549	550	100	0
4200	549	579	100	0
4203	550	520	100	0
4205	550	549	100	0
4206	550	551	100	0
4208	550	580	100	0
4211	551	521	100	0
4213	551	550	100	0
4214	551	552	100	0
4216	551	581	100	0
4219	552	522	100	0
4221	552	551	100	0
4222	552	553	100	0
4224	552	582	100	0
4227	553	523	100	0
4229	553	552	100	0
4230	553	554	100	0
4232	553	583	100	0
4235	554	524	100	0
4237	554	553	100	0
4238	554	555	100	0
4240	554	584	100	0
4243	555	525	100	0
4245	555	554	100	0
4246	555	556	100	0
4248	555	585	100	0
4251	556	526	100	0
4253	556	555	100	0
4254	556	557	100	0
4256	556	586	100	0
4259	557	527	100	0
4261	557	556	100	0
4262	557	558	100	0
4264	557	587	100	0
4267	558	528	100	0
4269	558	557	100	0
4270	558	559	100	0
4272	558	588	100	0
4275	559	529	100	0
4277	559	558	100	0
4278	559	560	100	0
4280	559	589	100	0
4283	560	530	100	0
4285	560	559	100	0
4286	560	561	100	0
4288	560	590	100	0
4291	561	531	100	0
4293	561	560	100	0
4294	561	562	100	0
4296	561	591	100	0
4299	562	532	100	0
4301	562	561	100	0
4302	562	563	100	0
4304	562	592	100	0
4307	563	533	100	0
4309	563	562	100	0
4310	563	564	100	0
4312	563	593	100	0
4315	564	534	100	0
4317	564	563	100	0
4318	564	565	100	0
4320	564	594	100	0
4323	565	535	100	0
4325	565	564	100	0
4326	565	566	100	0
4328	565	595	100	0
4331	566	536	100	0
4333	566	565	100	0
4334	566	567	100	0
4336	566	596	100	0
4339	567	537	100	0
4341	567	566	100	0
4342	567	568	100	0
4344	567	597	100	0
4347	568	538	100	0
4349	568	567	100	0
4350	568	569	100	0
4352	568	598	100	0
4355	569	539	100	0
4356	569	568	100	0
4358	569	599	100	0
4359	570	540	100	0
4361	570	571	100	0
4362	570	600	100	0
4365	571	541	100	0
4367	571	570	100	0
4368	571	572	100	0
4370	571	601	100	0
4373	572	542	100	0
4375	572	571	100	0
4376	572	573	100	0
4378	572	602	100	0
4381	573	543	100	0
4383	573	572	100	0
4384	573	574	100	0
4386	573	603	100	0
4389	574	544	100	0
4391	574	573	100	0
4392	574	575	100	0
4394	574	604	100	0
4397	575	545	100	0
4399	575	574	100	0
4400	575	576	100	0
4402	575	605	100	0
4405	576	546	100	0
4407	576	575	100	0
4408	576	577	100	0
4410	576	606	100	0
4413	577	547	100	0
4415	577	576	100	0
4416	577	578	100	0
4418	577	607	100	0
4421	578	548	100	0
4423	578	577	100	0
4424	578	579	100	0
4426	578	608	100	0
4429	579	549	100	0
4431	579	578	100	0
4432	579	580	100	0
4434	579	609	100	0
4437	580	550	100	0
4439	580	579	100	0
4440	580	581	100	0
4442	580	610	100	0
4445	581	551	100	0
4447	581	580	100	0
4448	581	582	100	0
4450	581	611	100	0
4453	582	552	100	0
4455	582	581	100	0
4456	582	583	100	0
4458	582	612	100	0
4461	583	553	100	0
4463	583	582	100	0
4464	583	584	100	0
4466	583	613	100	0
4469	584	554	100	0
4471	584	583	100	0
4472	584	585	100	0
4474	584	614	100	0
4477	585	555	100	0
4479	585	584	100	0
4480	585	586	100	0
4482	585	615	100	0
4485	586	556	100	0
4487	586	585	100	0
4488	586	587	100	0
4490	586	616	100	0
4493	587	557	100	0
4495	587	586	100	0
4496	587	588	100	0
4498	587	617	100	0
4501	588	558	100	0
4503	588	587	100	0
4504	588	589	100	0
4506	588	618	100	0
4509	589	559	100	0
4511	589	588	100	0
4512	589	590	100	0
4514	589	619	100	0
4517	590	560	100	0
4519	590	589	100	0
4520	590	591	100	0
4522	590	620	100	0
4525	591	561	100	0
4527	591	590	100	0
4528	591	592	100	0
4530	591	621	100	0
4533	592	562	100	0
4535	592	591	100	0
4536	592	593	100	0
4538	592	622	100	0
4541	593	563	100	0
4543	593	592	100	0
4544	593	594	100	0
4546	593	623	100	0
4549	594	564	100	0
4551	594	593	100	0
4552	594	595	100	0
4554	594	624	100	0
4557	595	565	100	0
4559	595	594	100	0
4560	595	596	100	0
4562	595	625	100	0
4565	596	566	100	0
4567	596	595	100	0
4568	596	597	100	0
4570	596	626	100	0
4573	597	567	100	0
4575	597	596	100	0
4576	597	598	100	0
4578	597	627	100	0
4581	598	568	100	0
4583	598	597	100	0
4584	598	599	100	0
4586	598	628	100	0
4589	599	569	100	0
4590	599	598	100	0
4592	599	629	100	0
4593	600	570	100	0
4595	600	601	100	0
4596	600	630	100	0
4599	601	571	100	0
4601	601	600	100	0
4602	601	602	100	0
4604	601	631	100	0
4607	602	572	100	0
4609	602	601	100	0
4610	602	603	100	0
4612	602	632	100	0
4615	603	573	100	0
4617	603	602	100	0
4618	603	604	100	0
4620	603	633	100	0
4623	604	574	100	0
4625	604	603	100	0
4626	604	605	100	0
4628	604	634	100	0
4631	605	575	100	0
4633	605	604	100	0
4634	605	606	100	0
4636	605	635	100	0
4639	606	576	100	0
4641	606	605	100	0
4642	606	607	100	0
4644	606	636	100	0
4647	607	577	100	0
4649	607	606	100	0
4650	607	608	100	0
4652	607	637	100	0
4655	608	578	100	0
4657	608	607	100	0
4658	608	609	100	0
4660	608	638	100	0
4663	609	579	100	0
4665	609	608	100	0
4666	609	610	100	0
4668	609	639	100	0
4671	610	580	100	0
4673	610	609	100	0
4674	610	611	100	0
4676	610	640	100	0
4679	611	581	100	0
4681	611	610	100	0
4682	611	612	100	0
4684	611	641	100	0
4687	612	582	100	0
4689	612	611	100	0
4690	612	613	100	0
4692	612	642	100	0
4695	613	583	100	0
4697	613	612	100	0
4698	613	614	100	0
4700	613	643	100	0
4703	614	584	100	0
4705	614	613	100	0
4706	614	615	100	0
4708	614	644	100	0
4711	615	585	100	0
4713	615	614	100	0
4714	615	616	100	0
4716	615	645	100	0
4719	616	586	100	0
4721	616	615	100	0
4722	616	617	100	0
4724	616	646	100	0
4727	617	587	100	0
4729	617	616	100	0
4730	617	618	100	0
4732	617	647	100	0
4735	618	588	100	0
4737	618	617	100	0
4738	618	619	100	0
4740	618	648	100	0
4743	619	589	100	0
4745	619	618	100	0
4746	619	620	100	0
4748	619	649	100	0
4751	620	590	100	0
4753	620	619	100	0
4754	620	621	100	0
4756	620	650	100	0
4759	621	591	100	0
4761	621	620	100	0
4762	621	622	100	0
4764	621	651	100	0
4767	622	592	100	0
4769	622	621	100	0
4770	622	623	100	0
4772	622	652	100	0
4775	623	593	100	0
4777	623	622	100	0
4778	623	624	100	0
4780	623	653	100	0
4783	624	594	100	0
4785	624	623	100	0
4786	624	625	100	0
4788	624	654	100	0
4791	625	595	100	0
4793	625	624	100	0
4794	625	626	100	0
4796	625	655	100	0
4799	626	596	100	0
4801	626	625	100	0
4802	626	627	100	0
4804	626	656	100	0
4807	627	597	100	0
4809	627	626	100	0
4810	627	628	100	0
4812	627	657	100	0
4815	628	598	100	0
4817	628	627	100	0
4818	628	629	100	0
4820	628	658	100	0
4823	629	599	100	0
4824	629	628	100	0
4826	629	659	100	0
4827	630	600	100	0
4829	630	631	100	0
4830	630	660	100	0
4833	631	601	100	0
4835	631	630	100	0
4836	631	632	100	0
4838	631	661	100	0
4841	632	602	100	0
4843	632	631	100	0
4844	632	633	100	0
4846	632	662	100	0
4849	633	603	100	0
4851	633	632	100	0
4852	633	634	100	0
4854	633	663	100	0
4857	634	604	100	0
4859	634	633	100	0
4860	634	635	100	0
4862	634	664	100	0
4865	635	605	100	0
4867	635	634	100	0
4868	635	636	100	0
4870	635	665	100	0
4873	636	606	100	0
4875	636	635	100	0
4876	636	637	100	0
4878	636	666	100	0
4881	637	607	100	0
4883	637	636	100	0
4884	637	638	100	0
4886	637	667	100	0
4889	638	608	100	0
4891	638	637	100	0
4892	638	639	100	0
4894	638	668	100	0
4897	639	609	100	0
4899	639	638	100	0
4900	639	640	100	0
4902	639	669	100	0
4905	640	610	100	0
4907	640	639	100	0
4908	640	641	100	0
4910	640	670	100	0
4913	641	611	100	0
4915	641	640	100	0
4916	641	642	100	0
4918	641	671	100	0
4921	642	612	100	0
4923	642	641	100	0
4924	642	643	100	0
4926	642	672	100	0
4929	643	613	100	0
4931	643	642	100	0
4932	643	644	100	0
4934	643	673	100	0
4937	644	614	100	0
4939	644	643	100	0
4940	644	645	100	0
4942	644	674	100	0
4945	645	615	100	0
4947	645	644	100	0
4948	645	646	100	0
4950	645	675	100	0
4953	646	616	100	0
4955	646	645	100	0
4956	646	647	100	0
4958	646	676	100	0
4961	647	617	100	0
4963	647	646	100	0
4964	647	648	100	0
4966	647	677	100	0
4969	648	618	100	0
4971	648	647	100	0
4972	648	649	100	0
4974	648	678	100	0
4977	649	619	100	0
4979	649	648	100	0
4980	649	650	100	0
4982	649	679	100	0
4985	650	620	100	0
4987	650	649	100	0
4988	650	651	100	0
4990	650	680	100	0
4993	651	621	100	0
4995	651	650	100	0
4996	651	652	100	0
4998	651	681	100	0
5001	652	622	100	0
5003	652	651	100	0
5004	652	653	100	0
5006	652	682	100	0
5009	653	623	100	0
5011	653	652	100	0
5012	653	654	100	0
5014	653	683	100	0
5017	654	624	100	0
5019	654	653	100	0
5020	654	655	100	0
5022	654	684	100	0
5025	655	625	100	0
5027	655	654	100	0
5028	655	656	100	0
5030	655	685	100	0
5033	656	626	100	0
5035	656	655	100	0
5036	656	657	100	0
5038	656	686	100	0
5041	657	627	100	0
5043	657	656	100	0
5044	657	658	100	0
5046	657	687	100	0
5049	658	628	100	0
5051	658	657	100	0
5052	658	659	100	0
5054	658	688	100	0
5057	659	629	100	0
5058	659	658	100	0
5060	659	689	100	0
5061	660	630	100	0
5063	660	661	100	0
5064	660	690	100	0
5067	661	631	100	0
5069	661	660	100	0
5070	661	662	100	0
5072	661	691	100	0
5075	662	632	100	0
5077	662	661	100	0
5078	662	663	100	0
5080	662	692	100	0
5083	663	633	100	0
5085	663	662	100	0
5086	663	664	100	0
5088	663	693	100	0
5091	664	634	100	0
5093	664	663	100	0
5094	664	665	100	0
5096	664	694	100	0
5099	665	635	100	0
5101	665	664	100	0
5102	665	666	100	0
5104	665	695	100	0
5107	666	636	100	0
5109	666	665	100	0
5110	666	667	100	0
5112	666	696	100	0
5115	667	637	100	0
5117	667	666	100	0
5118	667	668	100	0
5120	667	697	100	0
5123	668	638	100	0
5125	668	667	100	0
5126	668	669	100	0
5128	668	698	100	0
5131	669	639	100	0
5133	669	668	100	0
5134	669	670	100	0
5136	669	699	100	0
5139	670	640	100	0
5141	670	669	100	0
5142	670	671	100	0
5144	670	700	100	0
5147	671	641	100	0
5149	671	670	100	0
5150	671	672	100	0
5152	671	701	100	0
5155	672	642	100	0
5157	672	671	100	0
5158	672	673	100	0
5160	672	702	100	0
5163	673	643	100	0
5165	673	672	100	0
5166	673	674	100	0
5168	673	703	100	0
5171	674	644	100	0
5173	674	673	100	0
5174	674	675	100	0
5176	674	704	100	0
5179	675	645	100	0
5181	675	674	100	0
5182	675	676	100	0
5184	675	705	100	0
5187	676	646	100	0
5189	676	675	100	0
5190	676	677	100	0
5192	676	706	100	0
5195	677	647	100	0
5197	677	676	100	0
5198	677	678	100	0
5200	677	707	100	0
5203	678	648	100	0
5205	678	677	100	0
5206	678	679	100	0
5208	678	708	100	0
5211	679	649	100	0
5213	679	678	100	0
5214	679	680	100	0
5216	679	709	100	0
5219	680	650	100	0
5221	680	679	100	0
5222	680	681	100	0
5224	680	710	100	0
5227	681	651	100	0
5229	681	680	100	0
5230	681	682	100	0
5232	681	711	100	0
5235	682	652	100	0
5237	682	681	100	0
5238	682	683	100	0
5240	682	712	100	0
5243	683	653	100	0
5245	683	682	100	0
5246	683	684	100	0
5248	683	713	100	0
5251	684	654	100	0
5253	684	683	100	0
5254	684	685	100	0
5256	684	714	100	0
5259	685	655	100	0
5261	685	684	100	0
5262	685	686	100	0
5264	685	715	100	0
5267	686	656	100	0
5269	686	685	100	0
5270	686	687	100	0
5272	686	716	100	0
5275	687	657	100	0
5277	687	686	100	0
5278	687	688	100	0
5280	687	717	100	0
5283	688	658	100	0
5285	688	687	100	0
5286	688	689	100	0
5288	688	718	100	0
5291	689	659	100	0
5292	689	688	100	0
5294	689	719	100	0
5295	690	660	100	0
5297	690	691	100	0
5298	690	720	100	0
5301	691	661	100	0
5303	691	690	100	0
5304	691	692	100	0
5306	691	721	100	0
5309	692	662	100	0
5311	692	691	100	0
5312	692	693	100	0
5314	692	722	100	0
5317	693	663	100	0
5319	693	692	100	0
5320	693	694	100	0
5322	693	723	100	0
5325	694	664	100	0
5327	694	693	100	0
5328	694	695	100	0
5330	694	724	100	0
5333	695	665	100	0
5335	695	694	100	0
5336	695	696	100	0
5338	695	725	100	0
5341	696	666	100	0
5343	696	695	100	0
5344	696	697	100	0
5346	696	726	100	0
5349	697	667	100	0
5351	697	696	100	0
5352	697	698	100	0
5354	697	727	100	0
5357	698	668	100	0
5359	698	697	100	0
5360	698	699	100	0
5362	698	728	100	0
5365	699	669	100	0
5367	699	698	100	0
5368	699	700	100	0
5370	699	729	100	0
5373	700	670	100	0
5375	700	699	100	0
5376	700	701	100	0
5378	700	730	100	0
5381	701	671	100	0
5383	701	700	100	0
5384	701	702	100	0
5386	701	731	100	0
5389	702	672	100	0
5391	702	701	100	0
5392	702	703	100	0
5394	702	732	100	0
5397	703	673	100	0
5399	703	702	100	0
5400	703	704	100	0
5402	703	733	100	0
5405	704	674	100	0
5407	704	703	100	0
5408	704	705	100	0
5410	704	734	100	0
5413	705	675	100	0
5415	705	704	100	0
5416	705	706	100	0
5418	705	735	100	0
5421	706	676	100	0
5423	706	705	100	0
5424	706	707	100	0
5426	706	736	100	0
5429	707	677	100	0
5431	707	706	100	0
5432	707	708	100	0
5434	707	737	100	0
5437	708	678	100	0
5439	708	707	100	0
5440	708	709	100	0
5442	708	738	100	0
5445	709	679	100	0
5447	709	708	100	0
5448	709	710	100	0
5450	709	739	100	0
5453	710	680	100	0
5455	710	709	100	0
5456	710	711	100	0
5458	710	740	100	0
5461	711	681	100	0
5463	711	710	100	0
5464	711	712	100	0
5466	711	741	100	0
5469	712	682	100	0
5471	712	711	100	0
5472	712	713	100	0
5474	712	742	100	0
5477	713	683	100	0
5479	713	712	100	0
5480	713	714	100	0
5482	713	743	100	0
5485	714	684	100	0
5487	714	713	100	0
5488	714	715	100	0
5490	714	744	100	0
5493	715	685	100	0
5495	715	714	100	0
5496	715	716	100	0
5498	715	745	100	0
5501	716	686	100	0
5503	716	715	100	0
5504	716	717	100	0
5506	716	746	100	0
5509	717	687	100	0
5511	717	716	100	0
5512	717	718	100	0
5514	717	747	100	0
5517	718	688	100	0
5519	718	717	100	0
5520	718	719	100	0
5522	718	748	100	0
5525	719	689	100	0
5526	719	718	100	0
5528	719	749	100	0
5529	720	690	100	0
5531	720	721	100	0
5532	720	750	100	0
5535	721	691	100	0
5537	721	720	100	0
5538	721	722	100	0
5540	721	751	100	0
5543	722	692	100	0
5545	722	721	100	0
5546	722	723	100	0
5548	722	752	100	0
5551	723	693	100	0
5553	723	722	100	0
5554	723	724	100	0
5556	723	753	100	0
5559	724	694	100	0
5561	724	723	100	0
5562	724	725	100	0
5564	724	754	100	0
5567	725	695	100	0
5569	725	724	100	0
5570	725	726	100	0
5572	725	755	100	0
5575	726	696	100	0
5577	726	725	100	0
5578	726	727	100	0
5580	726	756	100	0
5583	727	697	100	0
5585	727	726	100	0
5586	727	728	100	0
5588	727	757	100	0
5591	728	698	100	0
5593	728	727	100	0
5594	728	729	100	0
5596	728	758	100	0
5599	729	699	100	0
5601	729	728	100	0
5602	729	730	100	0
5604	729	759	100	0
5607	730	700	100	0
5609	730	729	100	0
5610	730	731	100	0
5612	730	760	100	0
5615	731	701	100	0
5617	731	730	100	0
5618	731	732	100	0
5620	731	761	100	0
5623	732	702	100	0
5625	732	731	100	0
5626	732	733	100	0
5628	732	762	100	0
5631	733	703	100	0
5633	733	732	100	0
5634	733	734	100	0
5636	733	763	100	0
5639	734	704	100	0
5641	734	733	100	0
5642	734	735	100	0
5644	734	764	100	0
5647	735	705	100	0
5649	735	734	100	0
5650	735	736	100	0
5652	735	765	100	0
5655	736	706	100	0
5657	736	735	100	0
5658	736	737	100	0
5660	736	766	100	0
5663	737	707	100	0
5665	737	736	100	0
5666	737	738	100	0
5668	737	767	100	0
5671	738	708	100	0
5673	738	737	100	0
5674	738	739	100	0
5676	738	768	100	0
5679	739	709	100	0
5681	739	738	100	0
5682	739	740	100	0
5684	739	769	100	0
5687	740	710	100	0
5689	740	739	100	0
5690	740	741	100	0
5692	740	770	100	0
5695	741	711	100	0
5697	741	740	100	0
5698	741	742	100	0
5700	741	771	100	0
5703	742	712	100	0
5705	742	741	100	0
5706	742	743	100	0
5708	742	772	100	0
5711	743	713	100	0
5713	743	742	100	0
5714	743	744	100	0
5716	743	773	100	0
5719	744	714	100	0
5721	744	743	100	0
5722	744	745	100	0
5724	744	774	100	0
5727	745	715	100	0
5729	745	744	100	0
5730	745	746	100	0
5732	745	775	100	0
5735	746	716	100	0
5737	746	745	100	0
5738	746	747	100	0
5740	746	776	100	0
5743	747	717	100	0
5745	747	746	100	0
5746	747	748	100	0
5748	747	777	100	0
5751	748	718	100	0
5753	748	747	100	0
5754	748	749	100	0
5756	748	778	100	0
5759	749	719	100	0
5760	749	748	100	0
5762	749	779	100	0
5763	750	720	100	0
5765	750	751	100	0
5766	750	780	100	0
5769	751	721	100	0
5771	751	750	100	0
5772	751	752	100	0
5774	751	781	100	0
5777	752	722	100	0
5779	752	751	100	0
5780	752	753	100	0
5782	752	782	100	0
5785	753	723	100	0
5787	753	752	100	0
5788	753	754	100	0
5790	753	783	100	0
5793	754	724	100	0
5795	754	753	100	0
5796	754	755	100	0
5798	754	784	100	0
5801	755	725	100	0
5803	755	754	100	0
5804	755	756	100	0
5806	755	785	100	0
5809	756	726	100	0
5811	756	755	100	0
5812	756	757	100	0
5814	756	786	100	0
5817	757	727	100	0
5819	757	756	100	0
5820	757	758	100	0
5822	757	787	100	0
5825	758	728	100	0
5827	758	757	100	0
5828	758	759	100	0
5830	758	788	100	0
5833	759	729	100	0
5835	759	758	100	0
5836	759	760	100	0
5838	759	789	100	0
5841	760	730	100	0
5843	760	759	100	0
5844	760	761	100	0
5846	760	790	100	0
5849	761	731	100	0
5851	761	760	100	0
5852	761	762	100	0
5854	761	791	100	0
5857	762	732	100	0
5859	762	761	100	0
5860	762	763	100	0
5862	762	792	100	0
5865	763	733	100	0
5867	763	762	100	0
5868	763	764	100	0
5870	763	793	100	0
5873	764	734	100	0
5875	764	763	100	0
5876	764	765	100	0
5878	764	794	100	0
5881	765	735	100	0
5883	765	764	100	0
5884	765	766	100	0
5886	765	795	100	0
5889	766	736	100	0
5891	766	765	100	0
5892	766	767	100	0
5894	766	796	100	0
5897	767	737	100	0
5899	767	766	100	0
5900	767	768	100	0
5902	767	797	100	0
5905	768	738	100	0
5907	768	767	100	0
5908	768	769	100	0
5910	768	798	100	0
5913	769	739	100	0
5915	769	768	100	0
5916	769	770	100	0
5918	769	799	100	0
5921	770	740	100	0
5923	770	769	100	0
5924	770	771	100	0
5926	770	800	100	0
5929	771	741	100	0
5931	771	770	100	0
5932	771	772	100	0
5934	771	801	100	0
5937	772	742	100	0
5939	772	771	100	0
5940	772	773	100	0
5942	772	802	100	0
5945	773	743	100	0
5947	773	772	100	0
5948	773	774	100	0
5950	773	803	100	0
5953	774	744	100	0
5955	774	773	100	0
5956	774	775	100	0
5958	774	804	100	0
5961	775	745	100	0
5963	775	774	100	0
5964	775	776	100	0
5966	775	805	100	0
5969	776	746	100	0
5971	776	775	100	0
5972	776	777	100	0
5974	776	806	100	0
5977	777	747	100	0
5979	777	776	100	0
5980	777	778	100	0
5982	777	807	100	0
5985	778	748	100	0
5987	778	777	100	0
5988	778	779	100	0
5990	778	808	100	0
5993	779	749	100	0
5994	779	778	100	0
5996	779	809	100	0
5997	780	750	100	0
5999	780	781	100	0
6000	780	810	100	0
6003	781	751	100	0
6005	781	780	100	0
6006	781	782	100	0
6008	781	811	100	0
6011	782	752	100	0
6013	782	781	100	0
6014	782	783	100	0
6016	782	812	100	0
6019	783	753	100	0
6021	783	782	100	0
6022	783	784	100	0
6024	783	813	100	0
6027	784	754	100	0
6029	784	783	100	0
6030	784	785	100	0
6032	784	814	100	0
6035	785	755	100	0
6037	785	784	100	0
6038	785	786	100	0
6040	785	815	100	0
6043	786	756	100	0
6045	786	785	100	0
6046	786	787	100	0
6048	786	816	100	0
6051	787	757	100	0
6053	787	786	100	0
6054	787	788	100	0
6056	787	817	100	0
6059	788	758	100	0
6061	788	787	100	0
6062	788	789	100	0
6064	788	818	100	0
6067	789	759	100	0
6069	789	788	100	0
6070	789	790	100	0
6072	789	819	100	0
6075	790	760	100	0
6077	790	789	100	0
6078	790	791	100	0
6080	790	820	100	0
6083	791	761	100	0
6085	791	790	100	0
6086	791	792	100	0
6088	791	821	100	0
6091	792	762	100	0
6093	792	791	100	0
6094	792	793	100	0
6096	792	822	100	0
6099	793	763	100	0
6101	793	792	100	0
6102	793	794	100	0
6104	793	823	100	0
6107	794	764	100	0
6109	794	793	100	0
6110	794	795	100	0
6112	794	824	100	0
6115	795	765	100	0
6117	795	794	100	0
6118	795	796	100	0
6120	795	825	100	0
6123	796	766	100	0
6125	796	795	100	0
6126	796	797	100	0
6128	796	826	100	0
6131	797	767	100	0
6133	797	796	100	0
6134	797	798	100	0
6136	797	827	100	0
6139	798	768	100	0
6141	798	797	100	0
6142	798	799	100	0
6144	798	828	100	0
6147	799	769	100	0
6149	799	798	100	0
6150	799	800	100	0
6152	799	829	100	0
6155	800	770	100	0
6157	800	799	100	0
6158	800	801	100	0
6160	800	830	100	0
6163	801	771	100	0
6165	801	800	100	0
6166	801	802	100	0
6168	801	831	100	0
6171	802	772	100	0
6173	802	801	100	0
6174	802	803	100	0
6176	802	832	100	0
6179	803	773	100	0
6181	803	802	100	0
6182	803	804	100	0
6184	803	833	100	0
6187	804	774	100	0
6189	804	803	100	0
6190	804	805	100	0
6192	804	834	100	0
6195	805	775	100	0
6197	805	804	100	0
6198	805	806	100	0
6200	805	835	100	0
6203	806	776	100	0
6205	806	805	100	0
6206	806	807	100	0
6208	806	836	100	0
6211	807	777	100	0
6213	807	806	100	0
6214	807	808	100	0
6216	807	837	100	0
6219	808	778	100	0
6221	808	807	100	0
6222	808	809	100	0
6224	808	838	100	0
6227	809	779	100	0
6228	809	808	100	0
6230	809	839	100	0
6231	810	780	100	0
6233	810	811	100	0
6234	810	840	100	0
6237	811	781	100	0
6239	811	810	100	0
6240	811	812	100	0
6242	811	841	100	0
6245	812	782	100	0
6247	812	811	100	0
6248	812	813	100	0
6250	812	842	100	0
6253	813	783	100	0
6255	813	812	100	0
6256	813	814	100	0
6258	813	843	100	0
6261	814	784	100	0
6263	814	813	100	0
6264	814	815	100	0
6266	814	844	100	0
6269	815	785	100	0
6271	815	814	100	0
6272	815	816	100	0
6274	815	845	100	0
6277	816	786	100	0
6279	816	815	100	0
6280	816	817	100	0
6282	816	846	100	0
6285	817	787	100	0
6287	817	816	100	0
6288	817	818	100	0
6290	817	847	100	0
6293	818	788	100	0
6295	818	817	100	0
6296	818	819	100	0
6298	818	848	100	0
6301	819	789	100	0
6303	819	818	100	0
6304	819	820	100	0
6306	819	849	100	0
6309	820	790	100	0
6311	820	819	100	0
6312	820	821	100	0
6314	820	850	100	0
6317	821	791	100	0
6319	821	820	100	0
6320	821	822	100	0
6322	821	851	100	0
6325	822	792	100	0
6327	822	821	100	0
6328	822	823	100	0
6330	822	852	100	0
6333	823	793	100	0
6335	823	822	100	0
6336	823	824	100	0
6338	823	853	100	0
6341	824	794	100	0
6343	824	823	100	0
6344	824	825	100	0
6346	824	854	100	0
6349	825	795	100	0
6351	825	824	100	0
6352	825	826	100	0
6354	825	855	100	0
6357	826	796	100	0
6359	826	825	100	0
6360	826	827	100	0
6362	826	856	100	0
6365	827	797	100	0
6367	827	826	100	0
6368	827	828	100	0
6370	827	857	100	0
6373	828	798	100	0
6375	828	827	100	0
6376	828	829	100	0
6378	828	858	100	0
6381	829	799	100	0
6383	829	828	100	0
6384	829	830	100	0
6386	829	859	100	0
6389	830	800	100	0
6391	830	829	100	0
6392	830	831	100	0
6394	830	860	100	0
6397	831	801	100	0
6399	831	830	100	0
6400	831	832	100	0
6402	831	861	100	0
6405	832	802	100	0
6407	832	831	100	0
6408	832	833	100	0
6410	832	862	100	0
6413	833	803	100	0
6415	833	832	100	0
6416	833	834	100	0
6418	833	863	100	0
6421	834	804	100	0
6423	834	833	100	0
6424	834	835	100	0
6426	834	864	100	0
6429	835	805	100	0
6431	835	834	100	0
6432	835	836	100	0
6434	835	865	100	0
6437	836	806	100	0
6439	836	835	100	0
6440	836	837	100	0
6442	836	866	100	0
6445	837	807	100	0
6447	837	836	100	0
6448	837	838	100	0
6450	837	867	100	0
6453	838	808	100	0
6455	838	837	100	0
6456	838	839	100	0
6458	838	868	100	0
6461	839	809	100	0
6462	839	838	100	0
6464	839	869	100	0
6465	840	810	100	0
6467	840	841	100	0
6468	840	870	100	0
6471	841	811	100	0
6473	841	840	100	0
6474	841	842	100	0
6476	841	871	100	0
6479	842	812	100	0
6481	842	841	100	0
6482	842	843	100	0
6484	842	872	100	0
6487	843	813	100	0
6489	843	842	100	0
6490	843	844	100	0
6492	843	873	100	0
6495	844	814	100	0
6497	844	843	100	0
6498	844	845	100	0
6500	844	874	100	0
6503	845	815	100	0
6505	845	844	100	0
6506	845	846	100	0
6508	845	875	100	0
6511	846	816	100	0
6513	846	845	100	0
6514	846	847	100	0
6516	846	876	100	0
6519	847	817	100	0
6521	847	846	100	0
6522	847	848	100	0
6524	847	877	100	0
6527	848	818	100	0
6529	848	847	100	0
6530	848	849	100	0
6532	848	878	100	0
6535	849	819	100	0
6537	849	848	100	0
6538	849	850	100	0
6540	849	879	100	0
6543	850	820	100	0
6545	850	849	100	0
6546	850	851	100	0
6548	850	880	100	0
6551	851	821	100	0
6553	851	850	100	0
6554	851	852	100	0
6556	851	881	100	0
6559	852	822	100	0
6561	852	851	100	0
6562	852	853	100	0
6564	852	882	100	0
6567	853	823	100	0
6569	853	852	100	0
6570	853	854	100	0
6572	853	883	100	0
6575	854	824	100	0
6577	854	853	100	0
6578	854	855	100	0
6580	854	884	100	0
6583	855	825	100	0
6585	855	854	100	0
6586	855	856	100	0
6588	855	885	100	0
6591	856	826	100	0
6593	856	855	100	0
6594	856	857	100	0
6596	856	886	100	0
6599	857	827	100	0
6601	857	856	100	0
6602	857	858	100	0
6604	857	887	100	0
6607	858	828	100	0
6609	858	857	100	0
6610	858	859	100	0
6612	858	888	100	0
6615	859	829	100	0
6617	859	858	100	0
6618	859	860	100	0
6620	859	889	100	0
6623	860	830	100	0
6625	860	859	100	0
6626	860	861	100	0
6628	860	890	100	0
6631	861	831	100	0
6633	861	860	100	0
6634	861	862	100	0
6636	861	891	100	0
6639	862	832	100	0
6641	862	861	100	0
6642	862	863	100	0
6644	862	892	100	0
6647	863	833	100	0
6649	863	862	100	0
6650	863	864	100	0
6652	863	893	100	0
6655	864	834	100	0
6657	864	863	100	0
6658	864	865	100	0
6660	864	894	100	0
6663	865	835	100	0
6665	865	864	100	0
6666	865	866	100	0
6668	865	895	100	0
6671	866	836	100	0
6673	866	865	100	0
6674	866	867	100	0
6676	866	896	100	0
6679	867	837	100	0
6681	867	866	100	0
6682	867	868	100	0
6684	867	897	100	0
6687	868	838	100	0
6689	868	867	100	0
6690	868	869	100	0
6692	868	898	100	0
6695	869	839	100	0
6696	869	868	100	0
6698	869	899	100	0
6699	870	840	100	0
6701	870	871	100	0
6702	870	900	100	0
6705	871	841	100	0
6707	871	870	100	0
6708	871	872	100	0
6710	871	901	100	0
6713	872	842	100	0
6715	872	871	100	0
6716	872	873	100	0
6718	872	902	100	0
6721	873	843	100	0
6723	873	872	100	0
6724	873	874	100	0
6726	873	903	100	0
6729	874	844	100	0
6731	874	873	100	0
6732	874	875	100	0
6734	874	904	100	0
6737	875	845	100	0
6739	875	874	100	0
6740	875	876	100	0
6742	875	905	100	0
6745	876	846	100	0
6747	876	875	100	0
6748	876	877	100	0
6750	876	906	100	0
6753	877	847	100	0
6755	877	876	100	0
6756	877	878	100	0
6758	877	907	100	0
6761	878	848	100	0
6763	878	877	100	0
6764	878	879	100	0
6766	878	908	100	0
6769	879	849	100	0
6771	879	878	100	0
6772	879	880	100	0
6774	879	909	100	0
6777	880	850	100	0
6779	880	879	100	0
6780	880	881	100	0
6782	880	910	100	0
6785	881	851	100	0
6787	881	880	100	0
6788	881	882	100	0
6790	881	911	100	0
6793	882	852	100	0
6795	882	881	100	0
6796	882	883	100	0
6798	882	912	100	0
6801	883	853	100	0
6803	883	882	100	0
6804	883	884	100	0
6806	883	913	100	0
6809	884	854	100	0
6811	884	883	100	0
6812	884	885	100	0
6814	884	914	100	0
6817	885	855	100	0
6819	885	884	100	0
6820	885	886	100	0
6822	885	915	100	0
6825	886	856	100	0
6827	886	885	100	0
6828	886	887	100	0
6830	886	916	100	0
6833	887	857	100	0
6835	887	886	100	0
6836	887	888	100	0
6838	887	917	100	0
6841	888	858	100	0
6843	888	887	100	0
6844	888	889	100	0
6846	888	918	100	0
6849	889	859	100	0
6851	889	888	100	0
6852	889	890	100	0
6854	889	919	100	0
6857	890	860	100	0
6859	890	889	100	0
6860	890	891	100	0
6862	890	920	100	0
6865	891	861	100	0
6867	891	890	100	0
6868	891	892	100	0
6870	891	921	100	0
6873	892	862	100	0
6875	892	891	100	0
6876	892	893	100	0
6878	892	922	100	0
6881	893	863	100	0
6883	893	892	100	0
6884	893	894	100	0
6886	893	923	100	0
6889	894	864	100	0
6891	894	893	100	0
6892	894	895	100	0
6894	894	924	100	0
6897	895	865	100	0
6899	895	894	100	0
6900	895	896	100	0
6902	895	925	100	0
6905	896	866	100	0
6907	896	895	100	0
6908	896	897	100	0
6910	896	926	100	0
6913	897	867	100	0
6915	897	896	100	0
6916	897	898	100	0
6918	897	927	100	0
6921	898	868	100	0
6923	898	897	100	0
6924	898	899	100	0
6926	898	928	100	0
6929	899	869	100	0
6930	899	898	100	0
6932	899	929	100	0
6933	900	870	100	0
6935	900	901	100	0
6936	900	930	100	0
6939	901	871	100	0
6941	901	900	100	0
6942	901	902	100	0
6944	901	931	100	0
6947	902	872	100	0
6949	902	901	100	0
6950	902	903	100	0
6952	902	932	100	0
6955	903	873	100	0
6957	903	902	100	0
6958	903	904	100	0
6960	903	933	100	0
6963	904	874	100	0
6965	904	903	100	0
6966	904	905	100	0
6968	904	934	100	0
6971	905	875	100	0
6973	905	904	100	0
6974	905	906	100	0
6976	905	935	100	0
6979	906	876	100	0
6981	906	905	100	0
6982	906	907	100	0
6984	906	936	100	0
6987	907	877	100	0
6989	907	906	100	0
6990	907	908	100	0
6992	907	937	100	0
6995	908	878	100	0
6997	908	907	100	0
6998	908	909	100	0
7000	908	938	100	0
7003	909	879	100	0
7005	909	908	100	0
7006	909	910	100	0
7008	909	939	100	0
7011	910	880	100	0
7013	910	909	100	0
7014	910	911	100	0
7016	910	940	100	0
7019	911	881	100	0
7021	911	910	100	0
7022	911	912	100	0
7024	911	941	100	0
7027	912	882	100	0
7029	912	911	100	0
7030	912	913	100	0
7032	912	942	100	0
7035	913	883	100	0
7037	913	912	100	0
7038	913	914	100	0
7040	913	943	100	0
7043	914	884	100	0
7045	914	913	100	0
7046	914	915	100	0
7048	914	944	100	0
7051	915	885	100	0
7053	915	914	100	0
7054	915	916	100	0
7056	915	945	100	0
7059	916	886	100	0
7061	916	915	100	0
7062	916	917	100	0
7064	916	946	100	0
7067	917	887	100	0
7069	917	916	100	0
7070	917	918	100	0
7072	917	947	100	0
7075	918	888	100	0
7077	918	917	100	0
7078	918	919	100	0
7080	918	948	100	0
7083	919	889	100	0
7085	919	918	100	0
7086	919	920	100	0
7088	919	949	100	0
7091	920	890	100	0
7093	920	919	100	0
7094	920	921	100	0
7096	920	950	100	0
7099	921	891	100	0
7101	921	920	100	0
7102	921	922	100	0
7104	921	951	100	0
7107	922	892	100	0
7109	922	921	100	0
7110	922	923	100	0
7112	922	952	100	0
7115	923	893	100	0
7117	923	922	100	0
7118	923	924	100	0
7120	923	953	100	0
7123	924	894	100	0
7125	924	923	100	0
7126	924	925	100	0
7128	924	954	100	0
7131	925	895	100	0
7133	925	924	100	0
7134	925	926	100	0
7136	925	955	100	0
7139	926	896	100	0
7141	926	925	100	0
7142	926	927	100	0
7144	926	956	100	0
7147	927	897	100	0
7149	927	926	100	0
7150	927	928	100	0
7152	927	957	100	0
7155	928	898	100	0
7157	928	927	100	0
7158	928	929	100	0
7160	928	958	100	0
7163	929	899	100	0
7164	929	928	100	0
7166	929	959	100	0
7167	930	900	100	0
7169	930	931	100	0
7170	930	960	100	0
7173	931	901	100	0
7175	931	930	100	0
7176	931	932	100	0
7178	931	961	100	0
7181	932	902	100	0
7183	932	931	100	0
7184	932	933	100	0
7186	932	962	100	0
7189	933	903	100	0
7191	933	932	100	0
7192	933	934	100	0
7194	933	963	100	0
7197	934	904	100	0
7199	934	933	100	0
7200	934	935	100	0
7202	934	964	100	0
7205	935	905	100	0
7207	935	934	100	0
7208	935	936	100	0
7210	935	965	100	0
7213	936	906	100	0
7215	936	935	100	0
7216	936	937	100	0
7218	936	966	100	0
7221	937	907	100	0
7223	937	936	100	0
7224	937	938	100	0
7226	937	967	100	0
7229	938	908	100	0
7231	938	937	100	0
7232	938	939	100	0
7234	938	968	100	0
7237	939	909	100	0
7239	939	938	100	0
7240	939	940	100	0
7242	939	969	100	0
7245	940	910	100	0
7247	940	939	100	0
7248	940	941	100	0
7250	940	970	100	0
7253	941	911	100	0
7255	941	940	100	0
7256	941	942	100	0
7258	941	971	100	0
7261	942	912	100	0
7263	942	941	100	0
7264	942	943	100	0
7266	942	972	100	0
7269	943	913	100	0
7271	943	942	100	0
7272	943	944	100	0
7274	943	973	100	0
7277	944	914	100	0
7279	944	943	100	0
7280	944	945	100	0
7282	944	974	100	0
7285	945	915	100	0
7287	945	944	100	0
7288	945	946	100	0
7290	945	975	100	0
7293	946	916	100	0
7295	946	945	100	0
7296	946	947	100	0
7298	946	976	100	0
7301	947	917	100	0
7303	947	946	100	0
7304	947	948	100	0
7306	947	977	100	0
7309	948	918	100	0
7311	948	947	100	0
7312	948	949	100	0
7314	948	978	100	0
7317	949	919	100	0
7319	949	948	100	0
7320	949	950	100	0
7322	949	979	100	0
7325	950	920	100	0
7327	950	949	100	0
7328	950	951	100	0
7330	950	980	100	0
7333	951	921	100	0
7335	951	950	100	0
7336	951	952	100	0
7338	951	981	100	0
7341	952	922	100	0
7343	952	951	100	0
7344	952	953	100	0
7346	952	982	100	0
7349	953	923	100	0
7351	953	952	100	0
7352	953	954	100	0
7354	953	983	100	0
7357	954	924	100	0
7359	954	953	100	0
7360	954	955	100	0
7362	954	984	100	0
7365	955	925	100	0
7367	955	954	100	0
7368	955	956	100	0
7370	955	985	100	0
7373	956	926	100	0
7375	956	955	100	0
7376	956	957	100	0
7378	956	986	100	0
7381	957	927	100	0
7383	957	956	100	0
7384	957	958	100	0
7386	957	987	100	0
7389	958	928	100	0
7391	958	957	100	0
7392	958	959	100	0
7394	958	988	100	0
7397	959	929	100	0
7398	959	958	100	0
7400	959	989	100	0
7401	960	930	100	0
7403	960	961	100	0
7404	960	990	100	0
7407	961	931	100	0
7409	961	960	100	0
7410	961	962	100	0
7412	961	991	100	0
7415	962	932	100	0
7417	962	961	100	0
7418	962	963	100	0
7420	962	992	100	0
7423	963	933	100	0
7425	963	962	100	0
7426	963	964	100	0
7428	963	993	100	0
7431	964	934	100	0
7433	964	963	100	0
7434	964	965	100	0
7436	964	994	100	0
7439	965	935	100	0
7441	965	964	100	0
7442	965	966	100	0
7444	965	995	100	0
7447	966	936	100	0
7449	966	965	100	0
7450	966	967	100	0
7452	966	996	100	0
7455	967	937	100	0
7457	967	966	100	0
7458	967	968	100	0
7460	967	997	100	0
7463	968	938	100	0
7465	968	967	100	0
7466	968	969	100	0
7468	968	998	100	0
7471	969	939	100	0
7473	969	968	100	0
7474	969	970	100	0
7476	969	999	100	0
7479	970	940	100	0
7481	970	969	100	0
7482	970	971	100	0
7484	970	1000	100	0
7487	971	941	100	0
7489	971	970	100	0
7490	971	972	100	0
7492	971	1001	100	0
7495	972	942	100	0
7497	972	971	100	0
7498	972	973	100	0
7500	972	1002	100	0
7503	973	943	100	0
7505	973	972	100	0
7506	973	974	100	0
7508	973	1003	100	0
7511	974	944	100	0
7513	974	973	100	0
7514	974	975	100	0
7516	974	1004	100	0
7519	975	945	100	0
7521	975	974	100	0
7522	975	976	100	0
7524	975	1005	100	0
7527	976	946	100	0
7529	976	975	100	0
7530	976	977	100	0
7532	976	1006	100	0
7535	977	947	100	0
7537	977	976	100	0
7538	977	978	100	0
7540	977	1007	100	0
7543	978	948	100	0
7545	978	977	100	0
7546	978	979	100	0
7548	978	1008	100	0
7551	979	949	100	0
7553	979	978	100	0
7554	979	980	100	0
7556	979	1009	100	0
7559	980	950	100	0
7561	980	979	100	0
7562	980	981	100	0
7564	980	1010	100	0
7567	981	951	100	0
7569	981	980	100	0
7570	981	982	100	0
7572	981	1011	100	0
7575	982	952	100	0
7577	982	981	100	0
7578	982	983	100	0
7580	982	1012	100	0
7583	983	953	100	0
7585	983	982	100	0
7586	983	984	100	0
7588	983	1013	100	0
7591	984	954	100	0
7593	984	983	100	0
7594	984	985	100	0
7596	984	1014	100	0
7599	985	955	100	0
7601	985	984	100	0
7602	985	986	100	0
7604	985	1015	100	0
7607	986	956	100	0
7609	986	985	100	0
7610	986	987	100	0
7612	986	1016	100	0
7615	987	957	100	0
7617	987	986	100	0
7618	987	988	100	0
7620	987	1017	100	0
7623	988	958	100	0
7625	988	987	100	0
7626	988	989	100	0
7628	988	1018	100	0
7631	989	959	100	0
7632	989	988	100	0
7634	989	1019	100	0
7635	990	960	100	0
7637	990	991	100	0
7638	990	1020	100	0
7641	991	961	100	0
7643	991	990	100	0
7644	991	992	100	0
7646	991	1021	100	0
7649	992	962	100	0
7651	992	991	100	0
7652	992	993	100	0
7654	992	1022	100	0
7657	993	963	100	0
7659	993	992	100	0
7660	993	994	100	0
7662	993	1023	100	0
7665	994	964	100	0
7667	994	993	100	0
7668	994	995	100	0
7670	994	1024	100	0
7673	995	965	100	0
7675	995	994	100	0
7676	995	996	100	0
7678	995	1025	100	0
7681	996	966	100	0
7683	996	995	100	0
7684	996	997	100	0
7686	996	1026	100	0
7689	997	967	100	0
7691	997	996	100	0
7692	997	998	100	0
7694	997	1027	100	0
7697	998	968	100	0
7699	998	997	100	0
7700	998	999	100	0
7702	998	1028	100	0
7705	999	969	100	0
7707	999	998	100	0
7708	999	1000	100	0
7710	999	1029	100	0
7713	1000	970	100	0
7715	1000	999	100	0
7716	1000	1001	100	0
7718	1000	1030	100	0
7721	1001	971	100	0
7723	1001	1000	100	0
7724	1001	1002	100	0
7726	1001	1031	100	0
7729	1002	972	100	0
7731	1002	1001	100	0
7732	1002	1003	100	0
7734	1002	1032	100	0
7737	1003	973	100	0
7739	1003	1002	100	0
7740	1003	1004	100	0
7742	1003	1033	100	0
7745	1004	974	100	0
7747	1004	1003	100	0
7748	1004	1005	100	0
7750	1004	1034	100	0
7753	1005	975	100	0
7755	1005	1004	100	0
7756	1005	1006	100	0
7758	1005	1035	100	0
7761	1006	976	100	0
7763	1006	1005	100	0
7764	1006	1007	100	0
7766	1006	1036	100	0
7769	1007	977	100	0
7771	1007	1006	100	0
7772	1007	1008	100	0
7774	1007	1037	100	0
7777	1008	978	100	0
7779	1008	1007	100	0
7780	1008	1009	100	0
7782	1008	1038	100	0
7785	1009	979	100	0
7787	1009	1008	100	0
7788	1009	1010	100	0
7790	1009	1039	100	0
7793	1010	980	100	0
7795	1010	1009	100	0
7796	1010	1011	100	0
7798	1010	1040	100	0
7801	1011	981	100	0
7803	1011	1010	100	0
7804	1011	1012	100	0
7806	1011	1041	100	0
7809	1012	982	100	0
7811	1012	1011	100	0
7812	1012	1013	100	0
7814	1012	1042	100	0
7817	1013	983	100	0
7819	1013	1012	100	0
7820	1013	1014	100	0
7822	1013	1043	100	0
7825	1014	984	100	0
7827	1014	1013	100	0
7828	1014	1015	100	0
7830	1014	1044	100	0
7833	1015	985	100	0
7835	1015	1014	100	0
7836	1015	1016	100	0
7838	1015	1045	100	0
7841	1016	986	100	0
7843	1016	1015	100	0
7844	1016	1017	100	0
7846	1016	1046	100	0
7849	1017	987	100	0
7851	1017	1016	100	0
7852	1017	1018	100	0
7854	1017	1047	100	0
7857	1018	988	100	0
7859	1018	1017	100	0
7860	1018	1019	100	0
7862	1018	1048	100	0
7865	1019	989	100	0
7866	1019	1018	100	0
7868	1019	1049	100	0
7869	1020	990	100	0
7871	1020	1021	100	0
7872	1020	1050	100	0
7875	1021	991	100	0
7877	1021	1020	100	0
7878	1021	1022	100	0
7880	1021	1051	100	0
7883	1022	992	100	0
7885	1022	1021	100	0
7886	1022	1023	100	0
7888	1022	1052	100	0
7891	1023	993	100	0
7893	1023	1022	100	0
7894	1023	1024	100	0
7896	1023	1053	100	0
7899	1024	994	100	0
7901	1024	1023	100	0
7902	1024	1025	100	0
7904	1024	1054	100	0
7907	1025	995	100	0
7909	1025	1024	100	0
7910	1025	1026	100	0
7912	1025	1055	100	0
7915	1026	996	100	0
7917	1026	1025	100	0
7918	1026	1027	100	0
7920	1026	1056	100	0
7923	1027	997	100	0
7925	1027	1026	100	0
7926	1027	1028	100	0
7928	1027	1057	100	0
7931	1028	998	100	0
7933	1028	1027	100	0
7934	1028	1029	100	0
7936	1028	1058	100	0
7939	1029	999	100	0
7941	1029	1028	100	0
7942	1029	1030	100	0
7944	1029	1059	100	0
7947	1030	1000	100	0
7949	1030	1029	100	0
7950	1030	1031	100	0
7952	1030	1060	100	0
7955	1031	1001	100	0
7957	1031	1030	100	0
7958	1031	1032	100	0
7960	1031	1061	100	0
7963	1032	1002	100	0
7965	1032	1031	100	0
7966	1032	1033	100	0
7968	1032	1062	100	0
7971	1033	1003	100	0
7973	1033	1032	100	0
7974	1033	1034	100	0
7976	1033	1063	100	0
7979	1034	1004	100	0
7981	1034	1033	100	0
7982	1034	1035	100	0
7984	1034	1064	100	0
7987	1035	1005	100	0
7989	1035	1034	100	0
7990	1035	1036	100	0
7992	1035	1065	100	0
7995	1036	1006	100	0
7997	1036	1035	100	0
7998	1036	1037	100	0
8000	1036	1066	100	0
8003	1037	1007	100	0
8005	1037	1036	100	0
8006	1037	1038	100	0
8008	1037	1067	100	0
8011	1038	1008	100	0
8013	1038	1037	100	0
8014	1038	1039	100	0
8016	1038	1068	100	0
8019	1039	1009	100	0
8021	1039	1038	100	0
8022	1039	1040	100	0
8024	1039	1069	100	0
8027	1040	1010	100	0
8029	1040	1039	100	0
8030	1040	1041	100	0
8032	1040	1070	100	0
8035	1041	1011	100	0
8037	1041	1040	100	0
8038	1041	1042	100	0
8040	1041	1071	100	0
8043	1042	1012	100	0
8045	1042	1041	100	0
8046	1042	1043	100	0
8048	1042	1072	100	0
8051	1043	1013	100	0
8053	1043	1042	100	0
8054	1043	1044	100	0
8056	1043	1073	100	0
8059	1044	1014	100	0
8061	1044	1043	100	0
8062	1044	1045	100	0
8064	1044	1074	100	0
8067	1045	1015	100	0
8069	1045	1044	100	0
8070	1045	1046	100	0
8072	1045	1075	100	0
8075	1046	1016	100	0
8077	1046	1045	100	0
8078	1046	1047	100	0
8080	1046	1076	100	0
8083	1047	1017	100	0
8085	1047	1046	100	0
8086	1047	1048	100	0
8088	1047	1077	100	0
8091	1048	1018	100	0
8093	1048	1047	100	0
8094	1048	1049	100	0
8096	1048	1078	100	0
8099	1049	1019	100	0
8100	1049	1048	100	0
8102	1049	1079	100	0
8103	1050	1020	100	0
8105	1050	1051	100	0
8106	1050	1080	100	0
8109	1051	1021	100	0
8111	1051	1050	100	0
8112	1051	1052	100	0
8114	1051	1081	100	0
8117	1052	1022	100	0
8119	1052	1051	100	0
8120	1052	1053	100	0
8122	1052	1082	100	0
8125	1053	1023	100	0
8127	1053	1052	100	0
8128	1053	1054	100	0
8130	1053	1083	100	0
8133	1054	1024	100	0
8135	1054	1053	100	0
8136	1054	1055	100	0
8138	1054	1084	100	0
8141	1055	1025	100	0
8143	1055	1054	100	0
8144	1055	1056	100	0
8146	1055	1085	100	0
8149	1056	1026	100	0
8151	1056	1055	100	0
8152	1056	1057	100	0
8154	1056	1086	100	0
8157	1057	1027	100	0
8159	1057	1056	100	0
8160	1057	1058	100	0
8162	1057	1087	100	0
8165	1058	1028	100	0
8167	1058	1057	100	0
8168	1058	1059	100	0
8170	1058	1088	100	0
8173	1059	1029	100	0
8175	1059	1058	100	0
8176	1059	1060	100	0
8178	1059	1089	100	0
8181	1060	1030	100	0
8183	1060	1059	100	0
8184	1060	1061	100	0
8186	1060	1090	100	0
8189	1061	1031	100	0
8191	1061	1060	100	0
8192	1061	1062	100	0
8194	1061	1091	100	0
8197	1062	1032	100	0
8199	1062	1061	100	0
8200	1062	1063	100	0
8202	1062	1092	100	0
8205	1063	1033	100	0
8207	1063	1062	100	0
8208	1063	1064	100	0
8210	1063	1093	100	0
8213	1064	1034	100	0
8215	1064	1063	100	0
8216	1064	1065	100	0
8218	1064	1094	100	0
8221	1065	1035	100	0
8223	1065	1064	100	0
8224	1065	1066	100	0
8226	1065	1095	100	0
8229	1066	1036	100	0
8231	1066	1065	100	0
8232	1066	1067	100	0
8234	1066	1096	100	0
8237	1067	1037	100	0
8239	1067	1066	100	0
8240	1067	1068	100	0
8242	1067	1097	100	0
8245	1068	1038	100	0
8247	1068	1067	100	0
8248	1068	1069	100	0
8250	1068	1098	100	0
8253	1069	1039	100	0
8255	1069	1068	100	0
8256	1069	1070	100	0
8258	1069	1099	100	0
8261	1070	1040	100	0
8263	1070	1069	100	0
8264	1070	1071	100	0
8266	1070	1100	100	0
8269	1071	1041	100	0
8271	1071	1070	100	0
8272	1071	1072	100	0
8274	1071	1101	100	0
8277	1072	1042	100	0
8279	1072	1071	100	0
8280	1072	1073	100	0
8282	1072	1102	100	0
8285	1073	1043	100	0
8287	1073	1072	100	0
8288	1073	1074	100	0
8290	1073	1103	100	0
8293	1074	1044	100	0
8295	1074	1073	100	0
8296	1074	1075	100	0
8298	1074	1104	100	0
8301	1075	1045	100	0
8303	1075	1074	100	0
8304	1075	1076	100	0
8306	1075	1105	100	0
8309	1076	1046	100	0
8311	1076	1075	100	0
8312	1076	1077	100	0
8314	1076	1106	100	0
8317	1077	1047	100	0
8319	1077	1076	100	0
8320	1077	1078	100	0
8322	1077	1107	100	0
8325	1078	1048	100	0
8327	1078	1077	100	0
8328	1078	1079	100	0
8330	1078	1108	100	0
8333	1079	1049	100	0
8334	1079	1078	100	0
8336	1079	1109	100	0
8337	1080	1050	100	0
8339	1080	1081	100	0
8340	1080	1110	100	0
8343	1081	1051	100	0
8345	1081	1080	100	0
8346	1081	1082	100	0
8348	1081	1111	100	0
8351	1082	1052	100	0
8353	1082	1081	100	0
8354	1082	1083	100	0
8356	1082	1112	100	0
8359	1083	1053	100	0
8361	1083	1082	100	0
8362	1083	1084	100	0
8364	1083	1113	100	0
8367	1084	1054	100	0
8369	1084	1083	100	0
8370	1084	1085	100	0
8372	1084	1114	100	0
8375	1085	1055	100	0
8377	1085	1084	100	0
8378	1085	1086	100	0
8380	1085	1115	100	0
8383	1086	1056	100	0
8385	1086	1085	100	0
8386	1086	1087	100	0
8388	1086	1116	100	0
8391	1087	1057	100	0
8393	1087	1086	100	0
8394	1087	1088	100	0
8396	1087	1117	100	0
8399	1088	1058	100	0
8401	1088	1087	100	0
8402	1088	1089	100	0
8404	1088	1118	100	0
8407	1089	1059	100	0
8409	1089	1088	100	0
8410	1089	1090	100	0
8412	1089	1119	100	0
8415	1090	1060	100	0
8417	1090	1089	100	0
8418	1090	1091	100	0
8420	1090	1120	100	0
8423	1091	1061	100	0
8425	1091	1090	100	0
8426	1091	1092	100	0
8428	1091	1121	100	0
8431	1092	1062	100	0
8433	1092	1091	100	0
8434	1092	1093	100	0
8436	1092	1122	100	0
8439	1093	1063	100	0
8441	1093	1092	100	0
8442	1093	1094	100	0
8444	1093	1123	100	0
8447	1094	1064	100	0
8449	1094	1093	100	0
8450	1094	1095	100	0
8452	1094	1124	100	0
8455	1095	1065	100	0
8457	1095	1094	100	0
8458	1095	1096	100	0
8460	1095	1125	100	0
8463	1096	1066	100	0
8465	1096	1095	100	0
8466	1096	1097	100	0
8468	1096	1126	100	0
8471	1097	1067	100	0
8473	1097	1096	100	0
8474	1097	1098	100	0
8476	1097	1127	100	0
8479	1098	1068	100	0
8481	1098	1097	100	0
8482	1098	1099	100	0
8484	1098	1128	100	0
8487	1099	1069	100	0
8489	1099	1098	100	0
8490	1099	1100	100	0
8492	1099	1129	100	0
8495	1100	1070	100	0
8497	1100	1099	100	0
8498	1100	1101	100	0
8500	1100	1130	100	0
8503	1101	1071	100	0
8505	1101	1100	100	0
8506	1101	1102	100	0
8508	1101	1131	100	0
8511	1102	1072	100	0
8513	1102	1101	100	0
8514	1102	1103	100	0
8516	1102	1132	100	0
8519	1103	1073	100	0
8521	1103	1102	100	0
8522	1103	1104	100	0
8524	1103	1133	100	0
8527	1104	1074	100	0
8529	1104	1103	100	0
8530	1104	1105	100	0
8532	1104	1134	100	0
8535	1105	1075	100	0
8537	1105	1104	100	0
8538	1105	1106	100	0
8540	1105	1135	100	0
8543	1106	1076	100	0
8545	1106	1105	100	0
8546	1106	1107	100	0
8548	1106	1136	100	0
8551	1107	1077	100	0
8553	1107	1106	100	0
8554	1107	1108	100	0
8556	1107	1137	100	0
8559	1108	1078	100	0
8561	1108	1107	100	0
8562	1108	1109	100	0
8564	1108	1138	100	0
8567	1109	1079	100	0
8568	1109	1108	100	0
8570	1109	1139	100	0
8571	1110	1080	100	0
8573	1110	1111	100	0
8574	1110	1140	100	0
8577	1111	1081	100	0
8579	1111	1110	100	0
8580	1111	1112	100	0
8582	1111	1141	100	0
8585	1112	1082	100	0
8587	1112	1111	100	0
8588	1112	1113	100	0
8590	1112	1142	100	0
8593	1113	1083	100	0
8595	1113	1112	100	0
8596	1113	1114	100	0
8598	1113	1143	100	0
8601	1114	1084	100	0
8603	1114	1113	100	0
8604	1114	1115	100	0
8606	1114	1144	100	0
8609	1115	1085	100	0
8611	1115	1114	100	0
8612	1115	1116	100	0
8614	1115	1145	100	0
8617	1116	1086	100	0
8619	1116	1115	100	0
8620	1116	1117	100	0
8622	1116	1146	100	0
8625	1117	1087	100	0
8627	1117	1116	100	0
8628	1117	1118	100	0
8630	1117	1147	100	0
8633	1118	1088	100	0
8635	1118	1117	100	0
8636	1118	1119	100	0
8638	1118	1148	100	0
8641	1119	1089	100	0
8643	1119	1118	100	0
8644	1119	1120	100	0
8646	1119	1149	100	0
8649	1120	1090	100	0
8651	1120	1119	100	0
8652	1120	1121	100	0
8654	1120	1150	100	0
8657	1121	1091	100	0
8659	1121	1120	100	0
8660	1121	1122	100	0
8662	1121	1151	100	0
8665	1122	1092	100	0
8667	1122	1121	100	0
8668	1122	1123	100	0
8670	1122	1152	100	0
8673	1123	1093	100	0
8675	1123	1122	100	0
8676	1123	1124	100	0
8678	1123	1153	100	0
8681	1124	1094	100	0
8683	1124	1123	100	0
8684	1124	1125	100	0
8686	1124	1154	100	0
8689	1125	1095	100	0
8691	1125	1124	100	0
8692	1125	1126	100	0
8694	1125	1155	100	0
8697	1126	1096	100	0
8699	1126	1125	100	0
8700	1126	1127	100	0
8702	1126	1156	100	0
8705	1127	1097	100	0
8707	1127	1126	100	0
8708	1127	1128	100	0
8710	1127	1157	100	0
8713	1128	1098	100	0
8715	1128	1127	100	0
8716	1128	1129	100	0
8718	1128	1158	100	0
8721	1129	1099	100	0
8723	1129	1128	100	0
8724	1129	1130	100	0
8726	1129	1159	100	0
8729	1130	1100	100	0
8731	1130	1129	100	0
8732	1130	1131	100	0
8734	1130	1160	100	0
8737	1131	1101	100	0
8739	1131	1130	100	0
8740	1131	1132	100	0
8742	1131	1161	100	0
8745	1132	1102	100	0
8747	1132	1131	100	0
8748	1132	1133	100	0
8750	1132	1162	100	0
8753	1133	1103	100	0
8755	1133	1132	100	0
8756	1133	1134	100	0
8758	1133	1163	100	0
8761	1134	1104	100	0
8763	1134	1133	100	0
8764	1134	1135	100	0
8766	1134	1164	100	0
8769	1135	1105	100	0
8771	1135	1134	100	0
8772	1135	1136	100	0
8774	1135	1165	100	0
8777	1136	1106	100	0
8779	1136	1135	100	0
8780	1136	1137	100	0
8782	1136	1166	100	0
8785	1137	1107	100	0
8787	1137	1136	100	0
8788	1137	1138	100	0
8790	1137	1167	100	0
8793	1138	1108	100	0
8795	1138	1137	100	0
8796	1138	1139	100	0
8798	1138	1168	100	0
8801	1139	1109	100	0
8802	1139	1138	100	0
8804	1139	1169	100	0
8805	1140	1110	100	0
8807	1140	1141	100	0
8808	1140	1170	100	0
8811	1141	1111	100	0
8813	1141	1140	100	0
8814	1141	1142	100	0
8816	1141	1171	100	0
8819	1142	1112	100	0
8821	1142	1141	100	0
8822	1142	1143	100	0
8824	1142	1172	100	0
8827	1143	1113	100	0
8829	1143	1142	100	0
8830	1143	1144	100	0
8832	1143	1173	100	0
8835	1144	1114	100	0
8837	1144	1143	100	0
8838	1144	1145	100	0
8840	1144	1174	100	0
8843	1145	1115	100	0
8845	1145	1144	100	0
8846	1145	1146	100	0
8848	1145	1175	100	0
8851	1146	1116	100	0
8853	1146	1145	100	0
8854	1146	1147	100	0
8856	1146	1176	100	0
8859	1147	1117	100	0
8861	1147	1146	100	0
8862	1147	1148	100	0
8864	1147	1177	100	0
8867	1148	1118	100	0
8869	1148	1147	100	0
8870	1148	1149	100	0
8872	1148	1178	100	0
8875	1149	1119	100	0
8877	1149	1148	100	0
8878	1149	1150	100	0
8880	1149	1179	100	0
8883	1150	1120	100	0
8885	1150	1149	100	0
8886	1150	1151	100	0
8888	1150	1180	100	0
8891	1151	1121	100	0
8893	1151	1150	100	0
8894	1151	1152	100	0
8896	1151	1181	100	0
8899	1152	1122	100	0
8901	1152	1151	100	0
8902	1152	1153	100	0
8904	1152	1182	100	0
8907	1153	1123	100	0
8909	1153	1152	100	0
8910	1153	1154	100	0
8912	1153	1183	100	0
8915	1154	1124	100	0
8917	1154	1153	100	0
8918	1154	1155	100	0
8920	1154	1184	100	0
8923	1155	1125	100	0
8925	1155	1154	100	0
8926	1155	1156	100	0
8928	1155	1185	100	0
8931	1156	1126	100	0
8933	1156	1155	100	0
8934	1156	1157	100	0
8936	1156	1186	100	0
8939	1157	1127	100	0
8941	1157	1156	100	0
8942	1157	1158	100	0
8944	1157	1187	100	0
8947	1158	1128	100	0
8949	1158	1157	100	0
8950	1158	1159	100	0
8952	1158	1188	100	0
8955	1159	1129	100	0
8957	1159	1158	100	0
8958	1159	1160	100	0
8960	1159	1189	100	0
8963	1160	1130	100	0
8965	1160	1159	100	0
8966	1160	1161	100	0
8968	1160	1190	100	0
8971	1161	1131	100	0
8973	1161	1160	100	0
8974	1161	1162	100	0
8976	1161	1191	100	0
8979	1162	1132	100	0
8981	1162	1161	100	0
8982	1162	1163	100	0
8984	1162	1192	100	0
8987	1163	1133	100	0
8989	1163	1162	100	0
8990	1163	1164	100	0
8992	1163	1193	100	0
8995	1164	1134	100	0
8997	1164	1163	100	0
8998	1164	1165	100	0
9000	1164	1194	100	0
9003	1165	1135	100	0
9005	1165	1164	100	0
9006	1165	1166	100	0
9008	1165	1195	100	0
9011	1166	1136	100	0
9013	1166	1165	100	0
9014	1166	1167	100	0
9016	1166	1196	100	0
9019	1167	1137	100	0
9021	1167	1166	100	0
9022	1167	1168	100	0
9024	1167	1197	100	0
9027	1168	1138	100	0
9029	1168	1167	100	0
9030	1168	1169	100	0
9032	1168	1198	100	0
9035	1169	1139	100	0
9036	1169	1168	100	0
9038	1169	1199	100	0
9039	1170	1140	100	0
9041	1170	1171	100	0
9043	1171	1141	100	0
9045	1171	1170	100	0
9046	1171	1172	100	0
9048	1172	1142	100	0
9050	1172	1171	100	0
9051	1172	1173	100	0
9053	1173	1143	100	0
9055	1173	1172	100	0
9056	1173	1174	100	0
9058	1174	1144	100	0
9060	1174	1173	100	0
9061	1174	1175	100	0
9063	1175	1145	100	0
9065	1175	1174	100	0
9066	1175	1176	100	0
9068	1176	1146	100	0
9070	1176	1175	100	0
9071	1176	1177	100	0
9073	1177	1147	100	0
9075	1177	1176	100	0
9076	1177	1178	100	0
9078	1178	1148	100	0
9080	1178	1177	100	0
9081	1178	1179	100	0
9083	1179	1149	100	0
9085	1179	1178	100	0
9086	1179	1180	100	0
9088	1180	1150	100	0
9090	1180	1179	100	0
9091	1180	1181	100	0
9093	1181	1151	100	0
9095	1181	1180	100	0
9096	1181	1182	100	0
9098	1182	1152	100	0
9100	1182	1181	100	0
9101	1182	1183	100	0
9103	1183	1153	100	0
9105	1183	1182	100	0
9106	1183	1184	100	0
9108	1184	1154	100	0
9110	1184	1183	100	0
9111	1184	1185	100	0
9113	1185	1155	100	0
9115	1185	1184	100	0
9116	1185	1186	100	0
9118	1186	1156	100	0
9120	1186	1185	100	0
9121	1186	1187	100	0
9123	1187	1157	100	0
9125	1187	1186	100	0
9126	1187	1188	100	0
9128	1188	1158	100	0
9130	1188	1187	100	0
9131	1188	1189	100	0
9133	1189	1159	100	0
9135	1189	1188	100	0
9136	1189	1190	100	0
9138	1190	1160	100	0
9140	1190	1189	100	0
9141	1190	1191	100	0
9143	1191	1161	100	0
9145	1191	1190	100	0
9146	1191	1192	100	0
9148	1192	1162	100	0
9150	1192	1191	100	0
9151	1192	1193	100	0
9153	1193	1163	100	0
9155	1193	1192	100	0
9156	1193	1194	100	0
9158	1194	1164	100	0
9160	1194	1193	100	0
9161	1194	1195	100	0
9163	1195	1165	100	0
9165	1195	1194	100	0
9166	1195	1196	100	0
9168	1196	1166	100	0
9170	1196	1195	100	0
9171	1196	1197	100	0
9173	1197	1167	100	0
9175	1197	1196	100	0
9176	1197	1198	100	0
9178	1198	1168	100	0
9180	1198	1197	100	0
9181	1198	1199	100	0
9183	1199	1169	100	0
9184	1199	1198	100	0
